   3.5772009e+01   3.6269982e+01
   3.6442993e+01   3.5992739e+01
   3.7059328e+01   3.7122158e+01
   3.7616966e+01   4.0587040e+01
   3.8104863e+01   3.5798267e+01
   3.8516801e+01   3.7109464e+01
   3.8848439e+01   4.0607187e+01
   3.9100487e+01   3.9060464e+01
   3.9277701e+01   4.1742644e+01
   3.9379709e+01   3.9372899e+01
   3.9411556e+01   4.1878785e+01
   3.9372493e+01   3.5901997e+01
   3.9264667e+01   4.0451612e+01
   3.9094339e+01   3.8503200e+01
   3.8867458e+01   4.0173082e+01
   3.8582532e+01   3.6421236e+01
   3.8241580e+01   3.5994002e+01
   3.7842456e+01   3.7255351e+01
   3.7384526e+01   3.6299907e+01
   3.6873112e+01   3.9267050e+01
   3.6350163e+01   3.3448790e+01
   3.5697018e+01   3.7882265e+01
   3.5005265e+01   4.1025921e+01
   3.4279944e+01   3.5353506e+01
   3.3522576e+01   3.2821107e+01
   3.2735742e+01   3.4482712e+01
   3.1921734e+01   3.4961555e+01
   3.1081089e+01   3.2280102e+01
   3.0219162e+01   2.8917401e+01
   2.9346023e+01   3.0155921e+01
   2.8464377e+01   2.9570782e+01
   2.7583933e+01   2.7567635e+01
   2.6724333e+01   2.5159348e+01
   2.5882543e+01   2.4276722e+01
   2.5068154e+01   2.4936026e+01
   2.4290107e+01   2.3243370e+01
   2.3552468e+01   2.1229537e+01
   2.2856434e+01   2.6259535e+01
   2.2213295e+01   2.0490335e+01
   2.1626186e+01   2.1893258e+01
   2.1097210e+01   2.2845275e+01
   2.0630467e+01   1.8881542e+01
   2.0228610e+01   2.1276871e+01
   1.9891581e+01   1.8736480e+01
   1.9622547e+01   2.0319372e+01
   1.9411505e+01   1.7890188e+01
   1.9255952e+01   2.2080502e+01
   1.9148978e+01   1.6982097e+01
   1.9092548e+01   2.8065758e+01
   1.9076909e+01   2.1102883e+01
   1.9093975e+01   2.0357334e+01
   1.9138317e+01   1.8595808e+01
   1.9201001e+01   1.5682031e+01
   1.9286559e+01   2.2834492e+01
   1.9390330e+01   1.8593675e+01
   1.9507560e+01   1.8108713e+01
   1.9631079e+01   1.9685084e+01
   1.9750438e+01   1.8304385e+01
   1.9853425e+01   1.9932573e+01
   1.9931566e+01   1.9719085e+01
   1.9983785e+01   2.3491979e+01
   2.0003723e+01   1.9749976e+01
   1.9993661e+01   2.2399498e+01
   1.9950153e+01   1.9005287e+01
   1.9870326e+01   1.8933827e+01
   1.9749106e+01   2.1474335e+01
   1.9591968e+01   1.8622563e+01
   1.9399480e+01   1.8420046e+01
   1.9176250e+01   1.6264713e+01
   1.8925653e+01   2.0486203e+01
   1.8646602e+01   1.5131744e+01
   1.8346531e+01   2.1040681e+01
   1.8031978e+01   1.6762772e+01
   1.7708110e+01   1.8232691e+01
   1.7375800e+01   1.6780999e+01
   1.7044168e+01   1.4371444e+01
   1.6717624e+01   1.8471613e+01
   1.6401536e+01   1.4846148e+01
   1.6103870e+01   1.7625213e+01
   1.5829941e+01   1.5040151e+01
   1.5579642e+01   1.5443621e+01
   1.5356630e+01   1.4109259e+01
   1.5159315e+01   1.3610184e+01
   1.4977350e+01   1.5137743e+01
   1.4824002e+01   1.2040239e+01
   1.4701538e+01   1.4062352e+01
   1.4619593e+01   1.4924888e+01
   1.4579716e+01   1.8065620e+01
   1.4592860e+01   2.1442537e+01
   1.4604772e+01   1.4546018e+01
   1.4730039e+01   1.2601025e+01
   1.4902797e+01   1.6353621e+01
   1.5116019e+01   1.3955649e+01
   1.5360612e+01   1.6718549e+01
   1.5637208e+01   1.7116711e+01
   1.5946430e+01   1.3748902e+01
   1.6291863e+01   1.5556373e+01
   1.6684356e+01   1.7417650e+01
   1.7131115e+01   1.9220221e+01
   1.7627313e+01   1.9659337e+01
   1.8179845e+01   1.8178638e+01
   1.8785975e+01   1.7304143e+01
   1.9435946e+01   1.8926029e+01
   2.0128070e+01   2.0954252e+01
   2.0858434e+01   1.9022718e+01
   2.1618569e+01   2.3796676e+01
   2.2403446e+01   2.0665077e+01
   2.3204712e+01   2.4674727e+01
   2.4014155e+01   2.3846141e+01
   2.4820090e+01   2.4590482e+01
   2.5604247e+01   2.8440547e+01
   2.6350955e+01   2.4573697e+01
   2.7053207e+01   2.7223817e+01
   2.7701286e+01   2.4484966e+01
   2.8283499e+01   3.0103483e+01
   2.8783128e+01   3.0854142e+01
   2.9203705e+01   2.8585719e+01
   2.9529727e+01   2.8030914e+01
   2.9767022e+01   2.6800035e+01
   2.9915243e+01   3.1963151e+01
   2.9982569e+01   2.7264120e+01
   2.9975870e+01   3.3405353e+01
   2.9895515e+01   3.0758004e+01
   2.9747534e+01   2.9262100e+01
   2.9546969e+01   3.1132909e+01
   2.9305126e+01   2.8011592e+01
   2.9027029e+01   3.0897662e+01
   2.8721558e+01   2.5230135e+01
   2.8399728e+01   3.0502955e+01
   2.8069110e+01   2.4574620e+01
   2.7739594e+01   2.7830758e+01
   2.7415084e+01   2.6492650e+01
   2.7092296e+01   2.7060585e+01
   2.6766812e+01   2.6060711e+01
   2.6445349e+01   2.6306283e+01
   2.6128675e+01   2.5137055e+01
   2.5815078e+01   2.4223857e+01
   2.5498195e+01   2.7932464e+01
   2.5184017e+01   2.4334738e+01
   2.4858935e+01   2.3910710e+01
   2.4561798e+01   2.6503846e+01
   2.4193877e+01   2.4731135e+01
   2.3841402e+01   2.6105108e+01
   2.3509936e+01   2.2785712e+01
   2.3204069e+01   2.1898518e+01
   2.2916281e+01   2.0060578e+01
   2.2643763e+01   2.5939781e+01
   2.2380459e+01   2.0072560e+01
   2.2119508e+01   2.2862148e+01
   2.1860722e+01   2.2418825e+01
   2.1603443e+01   2.1686899e+01
   2.1349092e+01   2.0255003e+01
   2.1101563e+01   2.2230848e+01
   2.0862495e+01   2.2276934e+01
   2.0629626e+01   1.8103961e+01
   2.0403448e+01   2.1827084e+01
   2.0181463e+01   1.7949520e+01
   1.9963105e+01   1.7963836e+01
   1.9746319e+01   2.0458961e+01
   1.9528959e+01   1.9868556e+01
   1.9309221e+01   2.0541671e+01
   1.9091150e+01   1.8801781e+01
   1.8875147e+01   2.1528616e+01
   1.8656128e+01   1.8533934e+01
   1.8434900e+01   1.9046827e+01
   1.8215226e+01   1.9230576e+01
   1.8009094e+01   1.6553511e+01
   1.7806114e+01   1.8545612e+01
   1.7615108e+01   2.4813843e+01
   1.7426326e+01   1.9046221e+01
   1.7243010e+01   2.3632512e+01
   1.7065671e+01   1.6951946e+01
   1.6894694e+01   1.8562375e+01
   1.6735673e+01   1.8746576e+01
   1.6592320e+01   1.6063588e+01
   1.6461447e+01   1.6388099e+01
   1.6343472e+01   1.7327056e+01
   1.6241122e+01   1.3431263e+01
   1.6156364e+01   1.5680123e+01
   1.6088118e+01   1.4453146e+01
   1.6033952e+01   1.7175374e+01
   1.5994463e+01   1.5587527e+01
   1.5971566e+01   1.6769722e+01
   1.5971980e+01   1.6129203e+01
   1.5996488e+01   2.5669914e+01
   1.6035020e+01   1.9244804e+01
   1.6079609e+01   1.4494090e+01
   1.6130368e+01   1.7096767e+01
   1.6184820e+01   1.5323517e+01
   1.6242807e+01   1.9276110e+01
   1.6314032e+01   1.6599025e+01
   1.6395903e+01   1.6110270e+01
   1.6485355e+01   1.7239975e+01
   1.6582699e+01   1.7703730e+01
   1.6683778e+01   1.7470635e+01
   1.6785231e+01   1.3406575e+01
   1.6889602e+01   1.7583708e+01
   1.6998605e+01   1.7557462e+01
   1.7112762e+01   1.6333602e+01
   1.7227827e+01   1.8944604e+01
   1.7338991e+01   1.8829404e+01
   1.7453139e+01   1.6189181e+01
   1.7571123e+01   1.6199547e+01
   1.7692700e+01   1.9883018e+01
   1.7819649e+01   1.6920756e+01
   1.7951911e+01   2.0645240e+01
   1.8087595e+01   1.8361348e+01
   1.8228232e+01   2.0688537e+01
   1.8374378e+01   2.0912425e+01
   1.8535527e+01   1.5961249e+01
   1.8702142e+01   1.8219399e+01
   1.8879741e+01   1.9064985e+01
   1.9070189e+01   1.8842977e+01
   1.9275907e+01   1.8726487e+01
   1.9498177e+01   1.9515343e+01
   1.9726483e+01   2.1369008e+01
   1.9961197e+01   1.6569350e+01
   2.0201114e+01   2.1578398e+01
   2.0457008e+01   2.1041221e+01
   2.0732769e+01   2.3882943e+01
   2.1033614e+01   1.9791819e+01
   2.1359440e+01   2.4479466e+01
   2.1706348e+01   2.1453452e+01
   2.2077015e+01   2.1342922e+01
   2.2466722e+01   2.4643301e+01
   2.2876778e+01   2.2003057e+01
   2.3298442e+01   2.2490461e+01
   2.3728810e+01   2.0687980e+01
   2.4167150e+01   2.6521287e+01
   2.4607518e+01   2.1874449e+01
   2.5045168e+01   2.3747681e+01
   2.5475056e+01   2.6463877e+01
   2.5883333e+01   2.8244181e+01
   2.6259867e+01   2.5780640e+01
   2.6599251e+01   2.7616035e+01
   2.6891860e+01   2.7496057e+01
   2.7134493e+01   2.6651657e+01
   2.7321484e+01   2.6987997e+01
   2.7445429e+01   2.8149227e+01
   2.7500836e+01   3.0548952e+01
   2.7501904e+01   2.6141301e+01
   2.7440988e+01   2.8594961e+01
   2.7318153e+01   2.5400768e+01
   2.7134913e+01   2.4728040e+01
   2.6887655e+01   2.9320249e+01
   2.6579292e+01   2.5597936e+01
   2.6224953e+01   2.4812198e+01
   2.5835697e+01   2.4205293e+01
   2.5416614e+01   2.3545024e+01
   2.4975930e+01   2.6252437e+01
   2.4524273e+01   2.4115710e+01
   2.4074525e+01   2.6786799e+01
   2.3626553e+01   2.3196619e+01
   2.3188064e+01   2.2410180e+01
   2.2763344e+01   2.0910104e+01
   2.2352336e+01   2.2031054e+01
   2.1957664e+01   2.3606897e+01
   2.1583721e+01   1.9694464e+01
   2.1227926e+01   2.1330387e+01
   2.0884854e+01   2.2318059e+01
   2.0548756e+01   2.0415105e+01
   2.0229858e+01   1.7543218e+01
   1.9920321e+01   2.0329092e+01
   1.9615650e+01   2.0080987e+01
   1.9312675e+01   2.0146968e+01
   1.9011513e+01   2.0069687e+01
   1.8719218e+01   1.7691888e+01
   1.8432959e+01   1.9015834e+01
   1.8146182e+01   1.6910413e+01
   1.7853106e+01   1.9680912e+01
   1.7551551e+01   1.6195179e+01
   1.7244668e+01   1.6657190e+01
   1.6936042e+01   1.8349559e+01
   1.6627123e+01   1.8519582e+01
   1.6317098e+01   1.5610765e+01
   1.6007949e+01   1.6221433e+01
   1.5699282e+01   1.4596701e+01
   1.5400691e+01   1.6252496e+01
   1.5112047e+01   1.8618884e+01
   1.4828674e+01   1.3713755e+01
   1.4552183e+01   1.5749618e+01
   1.4279287e+01   1.2246586e+01
   1.4011018e+01   1.4619430e+01
   1.3753765e+01   1.5503206e+01
   1.3506693e+01   1.0437146e+01
   1.3267486e+01   1.2505425e+01
   1.3037222e+01   1.1225008e+01
   1.2813811e+01   1.5686247e+01
   1.2598643e+01   1.0283852e+01
   1.2390030e+01   1.4431280e+01
   1.2191219e+01   1.3174520e+01
   1.1989207e+01   1.1885078e+01
   1.1801339e+01   2.2158421e+01
   1.1628993e+01   9.6819939e+00
   1.1471000e+01   1.4245550e+01
   1.1336522e+01   1.0366923e+01
   1.1218357e+01   1.0833053e+01
   1.1110637e+01   1.2026155e+01
   1.1010289e+01   1.3811546e+01
   1.0921869e+01   9.3696874e+00
   1.0848441e+01   1.9574915e+01
   1.0788097e+01   1.1105346e+01
   1.0740441e+01   9.6384978e+00
   1.0711393e+01   1.1753366e+01
   1.0701259e+01   8.0631876e+00
   1.0701701e+01   1.1750224e+01
   1.0718214e+01   9.2707211e+00
   1.0752769e+01   1.1407823e+01
   1.0801216e+01   1.2207425e+01
   1.0863921e+01   1.0233052e+01
   1.0941941e+01   1.0927410e+01
   1.1029546e+01   1.1706045e+01
   1.1126077e+01   1.1420627e+01
   1.1228024e+01   9.7978858e+00
   1.1336286e+01   1.4008080e+01
   1.1450530e+01   8.7777606e+00
   1.1566227e+01   1.2293742e+01
   1.1680468e+01   1.1046401e+01
   1.1791959e+01   1.0256345e+01
   1.1902854e+01   1.3954094e+01
   1.2006398e+01   9.5144908e+00
   1.2105471e+01   1.2771501e+01
   1.2200588e+01   1.2313067e+01
   1.2289492e+01   1.2738011e+01
   1.2373824e+01   1.4236189e+01
   1.2459922e+01   1.4480942e+01
   1.2546887e+01   1.5855795e+01
   1.2638003e+01   1.0072701e+01
   1.2722851e+01   1.6339870e+01
   1.2805438e+01   1.3730884e+01
   1.2894673e+01   1.5025539e+01
   1.2990379e+01   2.0603020e+01
   1.3093188e+01   1.4807340e+01
   1.3201357e+01   1.1397550e+01
   1.3312816e+01   1.0580380e+01
   1.3428197e+01   1.4776382e+01
   1.3546408e+01   1.4707046e+01
   1.3664637e+01   1.3155935e+01
   1.3782836e+01   1.1433670e+01
   1.3896185e+01   1.3872660e+01
   1.4005802e+01   1.4685942e+01
   1.4110344e+01   1.4983010e+01
   1.4207484e+01   1.2437568e+01
   1.4295321e+01   1.1670636e+01
   1.4378313e+01   1.3732617e+01
   1.4455657e+01   1.0928013e+01
   1.4518210e+01   1.6682374e+01
   1.4573830e+01   1.4801193e+01
   1.4614511e+01   1.4903193e+01
   1.4640435e+01   1.3255532e+01
   1.4648792e+01   1.5265152e+01
   1.4642226e+01   1.5618304e+01
   1.4625365e+01   1.2874452e+01
   1.4601837e+01   1.5647920e+01
   1.4568057e+01   1.2589435e+01
   1.4516596e+01   1.4802390e+01
   1.4458214e+01   1.2371199e+01
   1.4392504e+01   1.5301802e+01
   1.4320175e+01   1.2756143e+01
   1.4243969e+01   1.5747401e+01
   1.4184654e+01   1.6347586e+01
   1.4127554e+01   1.5292580e+01
   1.4068722e+01   1.5183743e+01
   1.4004861e+01   1.4554208e+01
   1.3942361e+01   1.2614796e+01
   1.3881903e+01   1.5815071e+01
   1.3822984e+01   1.2017377e+01
   1.3771534e+01   1.2134688e+01
   1.3726839e+01   1.5036787e+01
   1.3687378e+01   1.3475393e+01
   1.3653303e+01   1.1705093e+01
   1.3626036e+01   1.5245766e+01
   1.3605196e+01   1.1571658e+01
   1.3589367e+01   1.5128780e+01
   1.3581492e+01   1.4179129e+01
   1.3580565e+01   1.2450389e+01
   1.3584552e+01   1.6268071e+01
   1.3595200e+01   1.0623730e+01
   1.3604759e+01   1.6253160e+01
   1.3623083e+01   1.1142603e+01
   1.3646779e+01   1.6552444e+01
   1.3666994e+01   1.1704219e+01
   1.3686104e+01   1.2342142e+01
   1.3706333e+01   1.5460080e+01
   1.3728209e+01   1.0986176e+01
   1.3745390e+01   1.2929031e+01
   1.3757415e+01   1.0299148e+01
   1.3764706e+01   1.2667230e+01
   1.3766518e+01   1.2519566e+01
   1.3757036e+01   1.2201728e+01
   1.3732786e+01   1.5693636e+01
   1.3687992e+01   1.3616979e+01
   1.3625773e+01   1.4200634e+01
   1.3513495e+01   1.0852063e+01
   1.3373320e+01   1.3818152e+01
   1.3277106e+01   9.6197115e+00
   1.3169505e+01   1.3083777e+01
   1.3056875e+01   1.0562815e+01
   1.2939158e+01   1.3583984e+01
   1.2813418e+01   1.5015225e+01
   1.2672282e+01   1.4667485e+01
   1.2516455e+01   1.1273727e+01
   1.2348814e+01   1.2244042e+01
   1.2162859e+01   1.4590968e+01
   1.1968210e+01   1.0395256e+01
   1.1776071e+01   1.2672423e+01
   1.1595497e+01   1.3232334e+01
   1.1423841e+01   1.3247487e+01
   1.1260549e+01   1.2600975e+01
   1.1107252e+01   1.2595690e+01
   1.0969329e+01   9.7144038e+00
   1.0832320e+01   1.1744600e+01
   1.0719124e+01   1.0792490e+01
   1.0634727e+01   8.5721174e+00
   1.0581690e+01   1.3034813e+01
   1.0555478e+01   1.0374724e+01
   1.0556718e+01   1.1935124e+01
   1.0585891e+01   1.1246945e+01
   1.0636712e+01   1.1186350e+01
   1.0702353e+01   1.4267491e+01
   1.0774476e+01   1.1676054e+01
   1.0855312e+01   1.3255487e+01
   1.0946771e+01   8.1989356e+00
   1.1039886e+01   1.1816470e+01
   1.1131783e+01   1.1678078e+01
   1.1214695e+01   8.8920853e+00
   1.1288463e+01   2.2185000e+01
   1.1347724e+01   1.1554658e+01
   1.1391332e+01   1.3729653e+01
   1.1416424e+01   1.0574092e+01
   1.1418467e+01   1.0742083e+01
   1.1393358e+01   1.2211254e+01
   1.1341864e+01   9.2815512e+00
   1.1258976e+01   9.2206453e+00
   1.1141797e+01   1.1229972e+01
   1.0991229e+01   9.6514084e+00
   1.0809517e+01   9.7212064e+00
   1.0595905e+01   1.9534632e+01
   1.0346054e+01   8.4149619e+00
   1.0063980e+01   8.7882748e+00
   9.7520089e+00   9.4013854e+00
   9.4153633e+00   1.1359759e+01
   9.0547002e+00   7.8352870e+00
   8.6711589e+00   5.2691853e+00
   8.2923084e+00   1.0075572e+01
   7.8887692e+00   8.6652672e+00
   7.4084734e+00   9.5337539e+00
   6.9297745e+00   8.0507077e+00
   6.4539254e+00   6.9368004e+00
   5.9891348e+00   3.9546764e+00
   5.5284901e+00   7.3386308e+00
   5.0838937e+00   6.6333733e+00
   4.6552551e+00   5.2076592e+00
   4.2410630e+00   3.4184490e+00
   3.8502727e+00   2.1991273e+00
   3.4698092e+00   2.3709891e+00
   3.1016739e+00   2.9519692e+00
   2.7548833e+00   5.4012856e+00
   2.4295390e+00   4.4016988e+00
   2.1258403e+00   2.7217341e+00
   1.8435482e+00   5.2629094e+00
   1.5810572e+00  -9.7942840e-01
   1.3395012e+00   1.3907381e+00
   1.1193718e+00   2.1900874e+00
   9.2461118e-01   9.0661146e-01
   7.4151258e-01  -1.1580903e+00
   5.7131492e-01  -1.5582795e+00
   4.1274593e-01  -1.0396919e+00
   2.6660645e-01   7.1328297e+00
   1.3868290e-01   1.6311195e+00
   2.8741911e-02  -4.9772659e-01
  -6.5653927e-02   9.1353349e+00
  -1.5362788e-01  -1.1167568e+00
  -2.3684069e-01   2.0474123e-01
  -3.1334263e-01   7.7180788e-01
  -3.7748500e-01  -1.5631688e+00
  -4.2240228e-01   6.1950847e-01
  -4.5173185e-01  -1.4275693e+00
  -4.7090726e-01   7.8192535e-01
  -4.8131151e-01  -2.6656737e+00
  -4.7872084e-01  -8.6413240e-01
  -4.6086218e-01  -1.7178660e+00
  -4.2917711e-01  -9.5372329e-01
  -3.8939896e-01  -1.6002127e+00
  -3.3146391e-01   8.4062698e-01
  -2.2363267e-01   8.5896573e-01
  -9.2488771e-02  -1.0582372e+00
   6.4442164e-02  -1.0293950e+00
   2.4639319e-01  -1.7175506e+00
   4.5555815e-01  -2.6177860e-01
   6.8911772e-01  -1.0624856e+00
   9.4849826e-01   3.5630736e-02
   1.2335542e+00   2.4345664e+00
   1.5474763e+00   3.0317331e+00
   1.8830128e+00   1.9898201e+00
   2.2436734e+00   1.5919984e+00
   2.6269984e+00   5.2707213e+00
   3.0293658e+00   3.1593214e+00
   3.4519600e+00   6.2419729e+00
   3.8910698e+00   5.9843171e+00
   4.3464290e+00   4.1396774e+00
   4.8193061e+00   3.9105051e+00
   5.3019191e+00   5.7626867e+00
   5.7886348e+00   5.2161881e+00
   6.2795986e+00   5.0131166e+00
   6.7692251e+00   9.9818661e+00
   7.2540175e+00   6.5899808e+00
   7.7272230e+00   5.4873216e+00
   8.1751115e+00   8.8907760e+00
   8.5987902e+00   7.5644718e+00
   8.9944418e+00   8.1201628e+00
   9.3588651e+00   7.3529942e+00
   9.6848009e+00   9.5035511e+00
   9.9699568e+00   1.0760896e+01
   1.0209574e+01   1.1260811e+01
   1.0398637e+01   1.0233218e+01
   1.0544578e+01   1.0663350e+01
   1.0639150e+01   1.3158669e+01
   1.0681681e+01   7.7915952e+00
   1.0674914e+01   1.2629154e+01
   1.0615231e+01   8.3345141e+00
   1.0513071e+01   9.9849414e+00
   1.0372223e+01   1.1415059e+01
   1.0192315e+01   1.0600291e+01
   9.9794870e+00   9.7824995e+00
   9.7392437e+00   9.6422669e+00
   9.4997694e+00   1.0599267e+01
   9.2494539e+00   6.4796288e+00
   8.9792229e+00   1.1293261e+01
   8.7134736e+00   9.4644695e+00
   8.4337849e+00   9.6970967e+00
   8.0723505e+00   5.1669026e+00
   7.6961204e+00   8.7204406e+00
   7.4311178e+00   9.0103564e+00
   7.1847382e+00   8.3481005e+00
   6.9500660e+00   1.0394610e+01
   6.7055993e+00   5.4095598e+00
   6.4753460e+00   9.1203950e+00
   6.2555494e+00   4.0381639e+00
   6.0537749e+00   9.1573961e+00
   5.8532381e+00   3.8339871e+00
   5.6800434e+00   5.8473589e+00
   5.5233803e+00   7.2199594e+00
   5.3807570e+00   2.9833902e+00
   5.2447929e+00   8.0369913e+00
   5.1133007e+00   3.1768029e+00
   4.9904567e+00   7.3355852e+00
   4.8776850e+00   2.5727180e+00
   4.7619782e+00   7.2469850e+00
   4.6512944e+00   1.3423625e+01
   4.5479805e+00   4.3337495e+00
   4.4473572e+00   6.3682590e+00
   4.3502565e+00   5.7615947e+00
   4.2554665e+00   5.9561143e+00
   4.1676328e+00   4.0743106e+00
   4.0757485e+00   5.3484922e+00
   3.9884172e+00   3.4794599e+00
   3.9088440e+00   5.9456723e+00
   3.8289526e+00   4.8597272e+00
   3.7559175e+00   3.7263410e+00
   3.6860594e+00   1.4662997e+01
   3.6193865e+00   4.8085336e+00
   3.5567881e+00   1.7590690e+00
   3.5044710e+00   4.8843832e-01
   3.4660390e+00   3.1980411e+00
   3.4437900e+00   1.0229830e+00
   3.4434167e+00   2.9499776e+00
   3.4694018e+00   6.0450009e+00
   3.5289336e+00   4.1768268e+00
   3.6241738e+00   5.8508663e+00
   3.7505413e+00   1.9968367e+00
   3.9162714e+00   3.7380624e+00
   4.1244493e+00   2.5859624e+00
   4.3827485e+00   3.4394425e+00
   4.6796747e+00   6.0947082e+00
   5.0289531e+00   4.8566334e+00
   5.4143331e+00   4.5000537e+00
   5.8095292e+00   5.6051734e+00
   6.2368435e+00   9.2981182e+00
   6.7031179e+00   4.3924143e+00
   7.1845053e+00   8.7477979e+00
   7.6936707e+00   7.3219428e+00
   8.2706805e+00   6.4256502e+00
   8.8227358e+00   9.3629774e+00
   9.2495701e+00   1.0361945e+01
   9.6632094e+00   9.6523996e+00
   1.0060133e+01   8.7428365e+00
   1.0433864e+01   1.0230122e+01
   1.0785600e+01   6.8016358e+00
   1.1112000e+01   1.1081151e+01
   1.1401710e+01   1.0421079e+01
   1.1667797e+01   1.3780516e+01
   1.1884401e+01   1.4040795e+01
   1.2053169e+01   1.0396222e+01
   1.2176593e+01   1.5807927e+01
   1.2265722e+01   1.2183029e+01
   1.2320966e+01   1.2982910e+01
   1.2337293e+01   1.0507563e+01
   1.2320328e+01   1.2569420e+01
   1.2280973e+01   1.4284830e+01
   1.2202496e+01   1.2935563e+01
   1.2091796e+01   1.2041961e+01
   1.1949745e+01   1.3236961e+01
   1.1787397e+01   1.1761014e+01
   1.1603483e+01   1.0195861e+01
   1.1400723e+01   1.1572800e+01
   1.1192661e+01   8.1163056e+00
   1.0974943e+01   1.3177180e+01
   1.0753136e+01   1.0565811e+01
   1.0539783e+01   8.2666495e+00
   1.0339883e+01   1.2635164e+01
   1.0154952e+01   8.2926369e+00
   9.9815723e+00   1.0036921e+01
   9.8303634e+00   7.8774333e+00
   9.7036503e+00   1.0517451e+01
   9.6070289e+00   7.6217262e+00
   9.5440218e+00   9.7384210e+00
   9.5159649e+00   1.2470321e+01
   9.5271280e+00   8.8004384e+00
   9.5762595e+00   1.1682039e+01
   9.6657787e+00   8.6611255e+00
   9.7964896e+00   1.0817492e+01
   9.9666297e+00   1.1210108e+01
   1.0173423e+01   8.2527910e+00
   1.0411258e+01   1.0254120e+01
   1.0690180e+01   9.9727538e+00
   1.0986193e+01   9.4262756e+00
   1.1313125e+01   1.1548981e+01
   1.1656287e+01   1.4228739e+01
   1.2008119e+01   9.0414787e+00
   1.2369466e+01   1.5489564e+01
   1.2738914e+01   1.3951193e+01
   1.3110040e+01   1.4958109e+01
   1.3475625e+01   1.4879554e+01
   1.3833933e+01   2.3070076e+01
   1.4179130e+01   1.7224367e+01
   1.4511248e+01   1.1916127e+01
   1.4823273e+01   1.7673582e+01
   1.5117823e+01   1.4720797e+01
   1.5395354e+01   1.7801453e+01
   1.5655521e+01   1.3439906e+01
   1.5897457e+01   1.3394671e+01
   1.6122674e+01   1.6222876e+01
   1.6334901e+01   1.3527795e+01
   1.6549587e+01   1.5206851e+01
   1.6768295e+01   1.4381880e+01
   1.6986309e+01   1.8292964e+01
   1.7208264e+01   1.6583528e+01
   1.7438152e+01   1.6569580e+01
   1.7678580e+01   1.6302070e+01
   1.7936841e+01   1.7735603e+01
   1.8217497e+01   2.1537702e+01
   1.8519615e+01   1.9190538e+01
   1.8844577e+01   1.9293902e+01
   1.9192874e+01   1.9511837e+01
   1.9562707e+01   2.2844174e+01
   1.9954425e+01   2.0722531e+01
   2.0361614e+01   2.1868423e+01
   2.0784872e+01   2.0027177e+01
   2.1222257e+01   1.9635311e+01
   2.1666353e+01   2.1414974e+01
   2.2112697e+01   2.2560022e+01
   2.2560510e+01   2.1846750e+01
   2.3010537e+01   2.3521784e+01
   2.3448686e+01   2.4181616e+01
   2.3869898e+01   2.3951179e+01
   2.4269818e+01   2.3261989e+01
   2.4648076e+01   2.3345843e+01
   2.4998361e+01   2.3900398e+01
   2.5318187e+01   2.5794949e+01
   2.5607192e+01   2.6220365e+01
   2.5862355e+01   2.7292136e+01
   2.6085975e+01   2.7262992e+01
   2.6273236e+01   2.9096670e+01
   2.6425270e+01   2.4301236e+01
   2.6545950e+01   2.4206134e+01
   2.6637007e+01   2.6343549e+01
   2.6699826e+01   2.4661065e+01
   2.6738407e+01   2.8128857e+01
   2.6758911e+01   2.6120830e+01
   2.6757148e+01   2.9388031e+01
   2.6745472e+01   2.5820104e+01
   2.6718174e+01   2.4586864e+01
   2.6676361e+01   2.8908442e+01
   2.6626366e+01   2.3858219e+01
   2.6567706e+01   2.7903391e+01
   2.6506832e+01   2.4107261e+01
   2.6460350e+01   2.6358994e+01
   2.6409425e+01   2.6511963e+01
   2.6349596e+01   2.4560752e+01
   2.6280394e+01   2.6805843e+01
   2.6204055e+01   2.7549502e+01
   2.6126590e+01   2.7477856e+01
   2.6041375e+01   2.3583206e+01
   2.5938581e+01   2.7272899e+01
   2.5817279e+01   2.4697214e+01
   2.5677806e+01   2.6646753e+01
   2.5519064e+01   2.5155723e+01
   2.5339278e+01   2.4810784e+01
   2.5133403e+01   2.3327862e+01
   2.4898398e+01   2.3699549e+01
   2.4632313e+01   2.4732397e+01
   2.4333559e+01   2.4756115e+01
   2.4002363e+01   2.6855863e+01
   2.3637764e+01   2.0374479e+01
   2.3237672e+01   2.2405682e+01
   2.2803732e+01   2.2251861e+01
   2.2333383e+01   2.3595257e+01
   2.1830907e+01   2.3649595e+01
   2.1298566e+01   1.8959368e+01
   2.0741517e+01   2.3440144e+01
   2.0165731e+01   2.0506460e+01
   1.9564287e+01   2.0335141e+01
   1.8943618e+01   1.6094520e+01
   1.8309414e+01   1.9477389e+01
   1.7668328e+01   1.7255961e+01
   1.7025762e+01   1.5268074e+01
   1.6387490e+01   1.7100557e+01
   1.5758155e+01   1.6958634e+01
   1.5146558e+01   1.7333983e+01
   1.4556282e+01   1.1397676e+01
   1.3988250e+01   1.4776765e+01
   1.3448508e+01   1.3299862e+01
   1.2941438e+01   1.2770968e+01
   1.2470777e+01   1.2559922e+01
   1.2034782e+01   1.0430320e+01
   1.1636304e+01   1.3144856e+01
   1.1276662e+01   9.6219152e+00
   1.0959072e+01   1.8458989e+01
   1.0683046e+01   1.0935122e+01
   1.0444088e+01   9.5516790e+00
   1.0240878e+01   9.0278277e+00
   1.0063247e+01   9.2871440e+00
   9.9178923e+00   1.0806279e+01
   9.8054180e+00   8.7371042e+00
   9.7212769e+00   1.2172047e+01
   9.6689900e+00   9.5830305e+00
   9.6446740e+00   1.0091546e+01
   9.6349021e+00   1.0163719e+01
   9.6607206e+00   1.2361301e+01
   9.7192300e+00   8.4023105e+00
   9.8078591e+00   7.5766043e+00
   9.9201153e+00   8.2282168e+00
   1.0049172e+01   9.7954536e+00
   1.0197103e+01   1.3054823e+01
   1.0367149e+01   7.5630271e+00
   1.0553024e+01   1.2979392e+01
   1.0749743e+01   9.6351152e+00
   1.0957218e+01   9.2298024e+00
   1.1175118e+01   1.2178058e+01
   1.1404835e+01   9.5320527e+00
   1.1650580e+01   1.3374431e+01
   1.1899745e+01   1.1870982e+01
   1.2165036e+01   1.4860609e+01
   1.2450945e+01   1.1478768e+01
   1.2758337e+01   1.5881183e+01
   1.3077549e+01   1.2904602e+01
   1.3391078e+01   1.3182159e+01
   1.3702824e+01   1.5479768e+01
   1.4012687e+01   1.1564229e+01
   1.4330176e+01   1.3457461e+01
   1.4657216e+01   1.2074442e+01
   1.5001133e+01   1.8082713e+01
   1.5369612e+01   1.2559567e+01
   1.5757473e+01   1.7361144e+01
   1.6160745e+01   1.7695079e+01
   1.6578456e+01   2.5517983e+01
   1.7010716e+01   2.0052840e+01
   1.7450283e+01   1.4738944e+01
   1.7893100e+01   1.6601202e+01
   1.8335604e+01   1.6469415e+01
   1.8771797e+01   1.8704664e+01
   1.9200708e+01   1.8973761e+01
   1.9609893e+01   2.2468338e+01
   1.9990212e+01   2.1402232e+01
   2.0332545e+01   1.8270432e+01
   2.0630800e+01   2.2709490e+01
   2.0876837e+01   1.7811216e+01
   2.1065615e+01   2.3936020e+01
   2.1192910e+01   1.9792959e+01
   2.1257690e+01   3.2385353e+01
   2.1263318e+01   1.8203895e+01
   2.1209387e+01   1.9755569e+01
   2.1091465e+01   1.9022466e+01
   2.0914968e+01   2.1117314e+01
   2.0686595e+01   2.3572274e+01
   2.0413768e+01   2.0687901e+01
   2.0098534e+01   2.2121972e+01
   1.9751340e+01   1.9309417e+01
   1.9379292e+01   2.1340159e+01
   1.8987617e+01   2.1111963e+01
   1.8586384e+01   1.9139373e+01
   1.8182398e+01   1.8635502e+01
   1.7783566e+01   1.6987719e+01
   1.7395755e+01   1.7358167e+01
   1.7023744e+01   1.7035155e+01
   1.6669467e+01   1.5410215e+01
   1.6334138e+01   1.5457556e+01
   1.6002691e+01   1.6921997e+01
   1.5688587e+01   1.3314272e+01
   1.5389068e+01   1.3001996e+01
   1.5105925e+01   1.7670756e+01
   1.4833940e+01   1.5784043e+01
   1.4583879e+01   1.5062579e+01
   1.4342745e+01   1.0197387e+01
   1.4109792e+01   1.7251754e+01
   1.3890072e+01   1.5206953e+01
   1.3692436e+01   2.3707919e+01
   1.3530336e+01   1.3725792e+01
   1.3393690e+01   2.2553126e+01
   1.3274252e+01   1.4632637e+01
   1.3154437e+01   1.1090502e+01
   1.3036870e+01   1.3381377e+01
   1.2919393e+01   1.3958333e+01
   1.2802790e+01   1.1437686e+01
   1.2691414e+01   1.1857616e+01
   1.2584826e+01   1.8409325e+01
   1.2479568e+01   1.1973947e+01
   1.2375686e+01   1.2123495e+01
   1.2276332e+01   1.2286791e+01
   1.2183020e+01   1.7045143e+01
   1.2092950e+01   1.3814103e+01
   1.2008254e+01   8.9845086e+00
   1.1926641e+01   1.3343624e+01
   1.1848475e+01   1.3556556e+01
   1.1777149e+01   8.9024335e+00
   1.1714718e+01   1.1384531e+01
   1.1659796e+01   1.0914031e+01
   1.1612768e+01   1.1802170e+01
   1.1570867e+01   1.0472771e+01
   1.1537035e+01   1.1761736e+01
   1.1508313e+01   9.8246509e+00
   1.1486485e+01   1.1934151e+01
   1.1471502e+01   1.4257562e+01
   1.1464646e+01   9.3128657e+00
   1.1465876e+01   1.3161326e+01
   1.1475622e+01   2.0265788e+01
   1.1492634e+01   1.2770178e+01
   1.1518430e+01   1.8051396e+01
   1.1551487e+01   1.1516974e+01
   1.1596967e+01   1.0470907e+01
   1.1652230e+01   9.4009293e+00
   1.1716469e+01   1.2881163e+01
   1.1787476e+01   9.0740021e+00
   1.1865980e+01   1.1123741e+01
   1.1949342e+01   1.0156962e+01
   1.2042188e+01   1.3182907e+01
   1.2145834e+01   1.3094331e+01
   1.2259727e+01   1.4705679e+01
   1.2395559e+01   1.3883006e+01
   1.2533757e+01   1.0474742e+01
   1.2677919e+01   1.3670130e+01
   1.2829502e+01   1.3100469e+01
   1.2984007e+01   1.2825681e+01
   1.3139019e+01   1.1185701e+01
   1.3292786e+01   1.3976720e+01
   1.3443266e+01   1.5174580e+01
   1.3586773e+01   1.1344784e+01
   1.3737988e+01   1.5193944e+01
   1.3886071e+01   1.2218751e+01
   1.4030312e+01   1.4449990e+01
   1.4166249e+01   1.3860700e+01
   1.4294174e+01   1.7099224e+01
   1.4411849e+01   1.4278969e+01
   1.4515287e+01   1.3111025e+01
   1.4606446e+01   1.4561055e+01
   1.4680819e+01   1.5111297e+01
   1.4738848e+01   1.5122278e+01
   1.4782837e+01   1.1761321e+01
   1.4812580e+01   1.5899690e+01
   1.4826714e+01   1.2312240e+01
   1.4822216e+01   1.3614539e+01
   1.4800501e+01   2.0032062e+01
   1.4763347e+01   1.7401996e+01
   1.4709424e+01   1.6793189e+01
   1.4641455e+01   1.5251937e+01
   1.4554579e+01   1.6517924e+01
   1.4452210e+01   1.3121068e+01
   1.4334618e+01   1.5067544e+01
   1.4200337e+01   1.4503841e+01
   1.4055944e+01   1.5439789e+01
   1.3898953e+01   1.3012817e+01
   1.3733825e+01   2.1867614e+01
   1.3548592e+01   1.4757825e+01
   1.3345648e+01   1.8514872e+01
   1.3126388e+01   1.2114205e+01
   1.2893046e+01   1.3842954e+01
   1.2645223e+01   1.3492757e+01
   1.2387060e+01   1.1748427e+01
   1.2121487e+01   1.2518857e+01
   1.1852042e+01   1.3269585e+01
   1.1574869e+01   1.1925476e+01
   1.1296815e+01   1.1265417e+01
   1.1018553e+01   1.0579144e+01
   1.0747041e+01   1.2499588e+01
   1.0483171e+01   7.5277098e+00
   1.0234245e+01   1.0200686e+01
   9.9984999e+00   8.4080940e+00
   9.7668050e+00   1.0158818e+01
   9.5497672e+00   1.9973251e+01
   9.3444199e+00   8.4475064e+00
   9.1579245e+00   1.1986270e+01
   8.9849004e+00   9.1576908e+00
   8.8253484e+00   2.0215145e+01
   8.6855402e+00   6.2282631e+00
   8.5694226e+00   8.8264519e+00
   8.4827090e+00   1.0221749e+01
   8.4201351e+00   6.7872973e+00
   8.3835538e+00   1.0679545e+01
   8.3587999e+00   9.2270682e+00
   8.3580537e+00   1.0952256e+01
   8.3828918e+00   5.1238467e+00
   8.4373391e+00   6.8589722e+00
   8.5214228e+00   9.6449479e+00
   8.6292829e+00   7.6763626e+00
   8.7597298e+00   7.5866682e+00
   8.9127336e+00   9.0854063e+00
   9.0899511e+00   9.2127442e+00
   9.2869019e+00   7.7873637e+00
   9.5027053e+00   1.0504009e+01
   9.7303420e+00   8.0051918e+00
   9.9734994e+00   9.5828120e+00
   1.0231179e+01   8.7143061e+00
   1.0496946e+01   1.1677097e+01
   1.0771076e+01   9.2965920e+00
   1.1054330e+01   8.9994748e+00
   1.1347620e+01   1.1036766e+01
   1.1652452e+01   1.1218669e+01
   1.1966043e+01   2.2246313e+01
   1.2285224e+01   1.2784247e+01
   1.2612480e+01   1.1997309e+01
   1.2937567e+01   1.4179248e+01
   1.3259902e+01   1.4459142e+01
   1.3573628e+01   1.3692734e+01
   1.3893498e+01   1.3935787e+01
   1.4213583e+01   1.5740612e+01
   1.4530358e+01   1.2836351e+01
   1.4837807e+01   1.6367410e+01
   1.5129301e+01   1.6483114e+01
   1.5393584e+01   1.7129198e+01
   1.5614528e+01   1.6620776e+01
   1.5794686e+01   1.3181765e+01
   1.5934691e+01   1.5913799e+01
   1.6024100e+01   1.4107356e+01
   1.6033983e+01   1.7126278e+01
   1.6021718e+01   1.5334827e+01
   1.5949779e+01   1.5951927e+01
   1.5817874e+01   1.5691633e+01
   1.5627103e+01   1.5029781e+01
   1.5385880e+01   1.6523160e+01
   1.5083402e+01   1.5274452e+01
   1.4728013e+01   1.7912483e+01
   1.4321987e+01   1.4817567e+01
   1.3870458e+01   1.2844763e+01
   1.3379984e+01   1.2466586e+01
   1.2859232e+01   1.2948916e+01
   1.2313150e+01   2.2191363e+01
   1.1754555e+01   8.8900974e+00
   1.1205814e+01   9.8168307e+00
   1.0666723e+01   1.1290153e+01
   1.0154853e+01   1.2396424e+01
   9.6824142e+00   9.1894729e+00
   9.2640185e+00   9.2089051e+00
   8.9111880e+00   6.4129672e+00
   8.6361485e+00   7.2469591e+00
   8.4413692e+00   6.6591990e+00
   8.3306795e+00   1.7528437e+01
   8.3015671e+00   1.0077493e+01
   8.3675999e+00   8.4340273e+00
   8.5340929e+00   1.1706322e+01
   8.7997756e+00   8.1733671e+00
   9.1653580e+00   1.0418428e+01
   9.6229522e+00   5.8853915e+00
   1.0169384e+01   8.9436153e+00
   1.0802599e+01   9.2517055e+00
   1.1503359e+01   1.1021475e+01
   1.2261903e+01   1.5131758e+01
   1.3062994e+01   9.9522416e+00
   1.3901202e+01   1.4867329e+01
   1.4770804e+01   1.5448038e+01
   1.5657779e+01   1.6193799e+01
   1.6529948e+01   1.6171016e+01
   1.7386720e+01   1.4409071e+01
   1.8225067e+01   1.7825967e+01
   1.9031737e+01   1.7769629e+01
   1.9790483e+01   2.1825255e+01
   2.0495117e+01   1.8445572e+01
   2.1137988e+01   2.0953317e+01
   2.1715739e+01   2.2274222e+01
   2.2235589e+01   2.4542881e+01
   2.2695723e+01   2.1713726e+01
   2.3103220e+01   2.3100754e+01
   2.3447049e+01   2.2560502e+01
   2.3723198e+01   2.1094507e+01
   2.3940606e+01   2.3086720e+01
   2.4118534e+01   2.0993813e+01
   2.4202724e+01   2.7256063e+01
   2.4237087e+01   2.5235514e+01
   2.4224694e+01   2.5621011e+01
   2.4171001e+01   2.4114886e+01
   2.4081333e+01   2.2374560e+01
   2.3960564e+01   2.4749435e+01
   2.3801596e+01   2.0244900e+01
   2.3612956e+01   2.3325299e+01
   2.3402457e+01   2.1474739e+01
   2.3170420e+01   2.3713765e+01
   2.2920781e+01   2.3551455e+01
   2.2658602e+01   2.4501945e+01
   2.2375858e+01   2.1622673e+01
   2.2072687e+01   2.0324013e+01
   2.1765473e+01   2.1637071e+01
   2.1454768e+01   1.8550267e+01
   2.1142472e+01   2.2033304e+01
   2.0827779e+01   1.9745266e+01
   2.0517703e+01   2.1437000e+01
   2.0216020e+01   2.0115440e+01
   1.9933243e+01   2.0336651e+01
   1.9675386e+01   1.9984755e+01
   1.9440557e+01   1.8814879e+01
   1.9217949e+01   2.1766291e+01
   1.9012872e+01   1.9880066e+01
   1.8827802e+01   2.1885663e+01
   1.8664324e+01   1.8351048e+01
   1.8526693e+01   1.7759518e+01
   1.8411207e+01   1.8205131e+01
   1.8320353e+01   1.6082016e+01
   1.8254091e+01   1.9715046e+01
   1.8212662e+01   1.4849524e+01
   1.8198290e+01   1.7956789e+01
   1.8203226e+01   1.6424887e+01
   1.8223764e+01   1.7244288e+01
   1.8262630e+01   1.9180520e+01
   1.8329593e+01   1.7293748e+01
   1.8417067e+01   2.0823932e+01
   1.8512474e+01   1.5774761e+01
   1.8617669e+01   1.9523295e+01
   1.8735746e+01   1.7380171e+01
   1.8862257e+01   1.7579799e+01
   1.8997225e+01   1.8033245e+01
   1.9138928e+01   1.7152812e+01
   1.9281531e+01   1.6641705e+01
   1.9428391e+01   1.8422898e+01
   1.9574424e+01   2.2399007e+01
   1.9719296e+01   2.6978682e+01
   1.9863976e+01   1.9311820e+01
   2.0005021e+01   1.8595238e+01
   2.0137257e+01   1.9317627e+01
   2.0259928e+01   2.1925253e+01
   2.0372293e+01   2.0077045e+01
   2.0470593e+01   2.1475395e+01
   2.0551957e+01   2.0178045e+01
   2.0617117e+01   2.0382773e+01
   2.0663892e+01   2.7808728e+01
   2.0698549e+01   2.2088791e+01
   2.0712290e+01   1.9150444e+01
   2.0704042e+01   2.0412340e+01
   2.0672924e+01   1.8818366e+01
   2.0619550e+01   1.8868105e+01
   2.0549574e+01   1.8711959e+01
   2.0469989e+01   2.0493099e+01
   2.0379995e+01   2.3584720e+01
   2.0281472e+01   1.9085777e+01
   2.0170863e+01   2.1040118e+01
   2.0049206e+01   2.0856859e+01
   1.9920220e+01   2.0995476e+01
   1.9787990e+01   1.8170572e+01
   1.9653851e+01   2.5068350e+01
   1.9523938e+01   1.7812078e+01
   1.9401677e+01   1.8668550e+01
   1.9296016e+01   2.1583649e+01
   1.9200706e+01   1.9291589e+01
   1.9114271e+01   2.6439437e+01
   1.9040571e+01   1.8165780e+01
   1.8988472e+01   1.7018747e+01
   1.8952921e+01   1.9283521e+01
   1.8928257e+01   1.8476720e+01
   1.8906439e+01   1.7970462e+01
   1.8902771e+01   1.5796248e+01
   1.8912735e+01   1.9175710e+01
   1.8931624e+01   1.7129830e+01
   1.8960650e+01   1.8032626e+01
   1.8999064e+01   2.0562558e+01
   1.9048404e+01   2.0630722e+01
   1.9106104e+01   1.8197726e+01
   1.9161906e+01   1.7539774e+01
   1.9215089e+01   1.8254684e+01
   1.9258227e+01   1.6486193e+01
   1.9285595e+01   1.8566662e+01
   1.9295001e+01   1.6045343e+01
   1.9280939e+01   2.0279627e+01
   1.9237798e+01   1.6751094e+01
   1.9165221e+01   2.0965170e+01
   1.9066048e+01   1.8838424e+01
   1.8937844e+01   1.9850266e+01
   1.8775276e+01   2.1721516e+01
   1.8578352e+01   1.5324661e+01
   1.8346542e+01   1.9969557e+01
   1.8087689e+01   1.7529050e+01
   1.7799408e+01   1.9267849e+01
   1.7487971e+01   1.9837146e+01
   1.7155758e+01   1.5018176e+01
   1.6809069e+01   1.8650311e+01
   1.6451763e+01   1.7796396e+01
   1.6089139e+01   1.7620260e+01
   1.5727783e+01   1.3513119e+01
   1.5372760e+01   1.7580155e+01
   1.5025324e+01   1.6863591e+01
   1.4690304e+01   1.4092090e+01
   1.4368422e+01   1.4779147e+01
   1.4061848e+01   1.4683498e+01
   1.3772786e+01   1.2940262e+01
   1.3502713e+01   1.0449527e+01
   1.3251046e+01   1.4932377e+01
   1.3019258e+01   1.2899751e+01
   1.2811033e+01   1.4610077e+01
   1.2625333e+01   1.0175631e+01
   1.2456477e+01   1.1518954e+01
   1.2304780e+01   1.3694663e+01
   1.2165914e+01   1.3023832e+01
   1.2042428e+01   1.2585700e+01
   1.1932411e+01   1.2204960e+01
   1.1837344e+01   1.2362558e+01
   1.1746183e+01   9.6453350e+00
   1.1653577e+01   1.2355507e+01
   1.1558573e+01   1.0398070e+01
   1.1465648e+01   9.1120573e+00
   1.1384445e+01   1.3521603e+01
   1.1312922e+01   1.1686556e+01
   1.1233076e+01   1.0700616e+01
   1.1148566e+01   8.9981988e+00
   1.1058637e+01   1.1027035e+01
   1.0961288e+01   9.9609850e+00
   1.0853227e+01   1.0254081e+01
   1.0734275e+01   1.0928981e+01
   1.0606041e+01   7.8538163e+00
   1.0468534e+01   1.0240207e+01
   1.0321987e+01   7.0204369e+00
   1.0170051e+01   1.0315960e+01
   1.0015497e+01   9.7356124e+00
   9.8536552e+00   9.3328793e+00
   9.6888010e+00   8.7376617e+00
   9.5239003e+00   1.0098662e+01
   9.3561399e+00   8.0280171e+00
   9.1837016e+00   5.1447110e+00
   9.0144921e+00   1.2530780e+01
   8.8543418e+00   7.4433375e+00
   8.7074827e+00   1.0376460e+01
   8.5751486e+00   7.8938127e+00
   8.4638323e+00   7.2321273e+00
   8.3755263e+00   8.6032952e+00
   8.3099005e+00   7.8913353e+00
   8.2711241e+00   1.1167573e+01
   8.2566732e+00   8.2855206e+00
   8.2607410e+00   1.0261056e+01
   8.2921200e+00   7.5647013e+00
   8.3489364e+00   9.4621036e+00
   8.4321295e+00   6.1843309e+00
   8.5434184e+00   8.2285057e+00
   8.6788522e+00   9.5139158e+00
   8.8403967e+00   7.1234318e+00
   9.0209510e+00   1.1912324e+01
   9.2163815e+00   7.4612516e+00
   9.4255533e+00   1.0207150e+01
   9.6460144e+00   1.5194865e+01
   9.8733148e+00   8.5867502e+00
   1.0103177e+01   9.3493898e+00
   1.0335421e+01   7.9794502e+00
   1.0566646e+01   1.1796794e+01
   1.0798250e+01   1.2186158e+01
   1.1029354e+01   1.3362570e+01
   1.1255048e+01   8.2272119e+00
   1.1473395e+01   1.2019051e+01
   1.1689835e+01   1.2914439e+01
   1.1905858e+01   1.1622866e+01
   1.2124370e+01   1.4413459e+01
   1.2337458e+01   9.4337645e+00
   1.2544327e+01   1.5562206e+01
   1.2741326e+01   1.0081579e+01
   1.2930678e+01   1.6132369e+01
   1.3116984e+01   1.1007704e+01
   1.3295264e+01   1.4047767e+01
   1.3470333e+01   1.1089023e+01
   1.3640954e+01   1.2977943e+01
   1.3806659e+01   1.1830210e+01
   1.3964646e+01   1.1345846e+01
   1.4113664e+01   1.6248708e+01
   1.4254070e+01   1.9669033e+01
   1.4379513e+01   1.6682742e+01
   1.4491492e+01   1.5680625e+01
   1.4584258e+01   1.5485712e+01
   1.4664092e+01   1.2181629e+01
   1.4727769e+01   1.2812620e+01
   1.4774125e+01   1.3488177e+01
   1.4803681e+01   1.3720620e+01
   1.4815603e+01   1.5716294e+01
   1.4808094e+01   1.5525875e+01
   1.4781439e+01   1.7985315e+01
   1.4733076e+01   1.5742144e+01
   1.4665058e+01   1.3549731e+01
   1.4577232e+01   1.3866049e+01
   1.4471255e+01   1.5643867e+01
   1.4351145e+01   1.3828001e+01
   1.4220090e+01   1.5545076e+01
   1.4081483e+01   1.6480996e+01
   1.3940538e+01   1.4427216e+01
   1.3788585e+01   1.6252164e+01
   1.3628845e+01   1.4190175e+01
   1.3459976e+01   1.2738276e+01
   1.3276465e+01   1.5321143e+01
   1.3091464e+01   1.3460915e+01
   1.2896971e+01   1.5846989e+01
   1.2698488e+01   1.3776132e+01
   1.2499959e+01   1.2025132e+01
   1.2300802e+01   1.1151435e+01
   1.2103902e+01   1.1233440e+01
   1.1910013e+01   1.0115773e+01
   1.1721317e+01   1.0788813e+01
   1.1534254e+01   1.3602936e+01
   1.1352448e+01   9.5651717e+00
   1.1176875e+01   1.4469523e+01
   1.1007658e+01   7.7352907e+00
   1.0849522e+01   1.2136488e+01
   1.0710632e+01   2.0299679e+01
   1.0574843e+01   1.1893378e+01
   1.0451461e+01   8.8951088e+00
   1.0336806e+01   8.1739945e+00
   1.0237308e+01   1.0293570e+01
   1.0154994e+01   8.7230332e+00
   1.0091583e+01   9.2321461e+00
   1.0048436e+01   9.6105031e+00
   1.0025513e+01   1.0055096e+01
   1.0023958e+01   1.1313262e+01
   1.0043668e+01   7.9900614e+00
   1.0086291e+01   1.0648968e+01
   1.0153991e+01   9.8592560e+00
   1.0246336e+01   1.0780689e+01
   1.0362414e+01   7.8450677e+00
   1.0502962e+01   1.2002269e+01
   1.0666112e+01   6.4386919e+00
   1.0853119e+01   1.2178328e+01
   1.1069764e+01   9.3422352e+00
   1.1311287e+01   1.1114801e+01
   1.1566971e+01   1.1346723e+01
   1.1834105e+01   1.1643769e+01
   1.2111594e+01   1.4593662e+01
   1.2395214e+01   1.2090787e+01
   1.2685653e+01   1.5267853e+01
   1.2981081e+01   1.4102951e+01
   1.3277778e+01   1.5687226e+01
   1.3571421e+01   1.4606272e+01
   1.3861694e+01   1.1350927e+01
   1.4150553e+01   1.6666327e+01
   1.4422862e+01   1.4317147e+01
   1.4683948e+01   1.6403367e+01
   1.4932419e+01   1.1698343e+01
   1.5169314e+01   1.5121867e+01
   1.5395463e+01   1.6811920e+01
   1.5605327e+01   1.3400996e+01
   1.5797610e+01   1.4640502e+01
   1.5972785e+01   1.7522236e+01
   1.6117840e+01   1.4709401e+01
   1.6237677e+01   1.4546379e+01
   1.6322611e+01   1.5712523e+01
   1.6371370e+01   1.5740370e+01
   1.6380144e+01   1.7420740e+01
   1.6345432e+01   1.6203325e+01
   1.6268663e+01   1.3627616e+01
   1.6145723e+01   1.8665869e+01
   1.5979496e+01   1.6623704e+01
   1.5770310e+01   1.4876829e+01
   1.5518548e+01   1.1912083e+01
   1.5225563e+01   1.7637849e+01
   1.4894930e+01   1.6564722e+01
   1.4528653e+01   1.3504393e+01
   1.4145137e+01   1.3981298e+01
   1.3744218e+01   1.4168511e+01
   1.3332047e+01   1.5274449e+01
   1.2912422e+01   1.2357598e+01
   1.2490942e+01   1.1249175e+01
   1.2079249e+01   8.7688864e+00
   1.1682546e+01   1.2183687e+01
   1.1294626e+01   1.2440725e+01
   1.0927974e+01   8.3703781e+00
   1.0582897e+01   1.1245082e+01
   1.0268885e+01   7.4109878e+00
   9.9888094e+00   1.3123062e+01
   9.7426739e+00   9.8168736e+00
   9.5293418e+00   1.0374316e+01
   9.3384417e+00   6.6685896e+00
   9.1892391e+00   1.1066716e+01
   9.0803842e+00   8.4059908e+00
   8.9983745e+00   9.3598913e+00
   8.9361557e+00   9.3313285e+00
   8.8988150e+00   9.2240534e+00
   8.8894223e+00   9.7472176e+00
   8.9047739e+00   6.0235472e+00
   8.9454479e+00   9.1399220e+00
   9.0012747e+00   1.0300128e+01
   9.0715782e+00   9.1251262e+00
   9.1572175e+00   7.5115749e+00
   9.2572109e+00   6.8601377e+00
   9.3668393e+00   1.0298431e+01
   9.4872870e+00   8.1698130e+00
   9.6318017e+00   1.0882357e+01
   9.7828159e+00   9.9441420e+00
   9.9403101e+00   1.2148931e+01
   1.0104288e+01   9.1522981e+00
   1.0272001e+01   9.1460511e+00
   1.0446792e+01   1.1185257e+01
   1.0628820e+01   1.1558444e+01
   1.0819557e+01   2.1558202e+01
   1.1019105e+01   9.1443518e+00
   1.1226588e+01   1.4138436e+01
   1.1443797e+01   9.9608321e+00
   1.1669381e+01   1.2170215e+01
   1.1898369e+01   1.2679773e+01
   1.2130932e+01   1.1029771e+01
   1.2367332e+01   1.5379381e+01
   1.2606208e+01   1.1964731e+01
   1.2845922e+01   1.3631532e+01
   1.3084541e+01   1.1776367e+01
   1.3318445e+01   1.3248644e+01
   1.3553447e+01   1.1827034e+01
   1.3786370e+01   1.5574094e+01
   1.4008731e+01   1.1547611e+01
   1.4220786e+01   1.6195337e+01
   1.4415044e+01   1.6498403e+01
   1.4593560e+01   1.2383041e+01
   1.4750771e+01   1.5905054e+01
   1.4885206e+01   1.1433676e+01
   1.4992775e+01   1.6701319e+01
   1.5071296e+01   1.3959124e+01
   1.5129793e+01   1.5920294e+01
   1.5157588e+01   1.4018120e+01
   1.5153385e+01   1.3038512e+01
   1.5115872e+01   1.7198235e+01
   1.5046839e+01   1.3573801e+01
   1.4946107e+01   1.3746491e+01
   1.4811067e+01   1.3968627e+01
   1.4650799e+01   1.6995649e+01
   1.4453299e+01   1.5679763e+01
   1.4220424e+01   1.1806377e+01
   1.3968667e+01   2.0449823e+01
   1.3705810e+01   1.5047151e+01
   1.3432330e+01   2.1958328e+01
   1.3144014e+01   1.2706924e+01
   1.2842682e+01   1.4500845e+01
   1.2533864e+01   1.3882016e+01
   1.2222510e+01   1.4244898e+01
   1.1907731e+01   1.0099319e+01
   1.1591432e+01   1.0084806e+01
   1.1276912e+01   1.3554825e+01
   1.0964409e+01   8.8565620e+00
   1.0655954e+01   2.1074633e+01
   1.0352664e+01   7.9650337e+00
   1.0062986e+01   1.0893054e+01
   9.7897540e+00   7.4258337e+00
   9.5346632e+00   1.0101236e+01
   9.2855364e+00   1.0622289e+01
   9.0443389e+00   9.9666715e+00
   8.8157408e+00   1.1874873e+01
   8.6020457e+00   7.5621065e+00
   8.4011105e+00   7.2715566e+00
   8.2138384e+00   7.4657707e+00
   8.0441709e+00   1.0256893e+01
   7.8915794e+00   5.5452126e+00
   7.7627459e+00   8.6650413e+00
   7.6508262e+00   5.9773953e+00
   7.5568650e+00   7.9948445e+00
   7.4807770e+00   7.4243847e+00
   7.4205089e+00   6.4312697e+00
   7.3732905e+00   7.1807254e+00
   7.3390528e+00   5.8896907e+00
   7.3118512e+00   7.6065376e+00
   7.2957469e+00   6.2789055e+00
   7.2923333e+00   5.5575918e+00
   7.3031414e+00   9.9878972e+00
   7.3342286e+00   5.7486817e+00
   7.3730426e+00   6.2827526e+00
   7.4167379e+00   6.7272433e+00
   7.4631290e+00   1.0459746e+01
   7.5123168e+00   6.1054985e+00
   7.5685868e+00   5.6232048e+00
   7.6255710e+00   7.9350578e+00
   7.6865752e+00   9.4758680e+00
   7.7508057e+00   6.2704179e+00
   7.8181943e+00   6.4079807e+00
   7.8892971e+00   7.8719296e+00
   7.9702785e+00   6.1195116e+00
   8.0632643e+00   1.0928211e+01
   8.1706412e+00   8.0194643e+00
   8.2877439e+00   8.3432673e+00
   8.4159494e+00   1.1439089e+01
   8.5584457e+00   6.9895757e+00
   8.7180625e+00   1.1275700e+01
   8.8933443e+00   8.8379111e+00
   9.0858719e+00   9.0819991e+00
   9.2904718e+00   6.7257464e+00
   9.5096914e+00   1.0468734e+01
   9.7481088e+00   1.1049665e+01
   1.0006566e+01   7.3544682e+00
   1.0284127e+01   1.1317876e+01
   1.0576817e+01   8.0715383e+00
   1.0880330e+01   1.2522667e+01
   1.1191748e+01   8.8924152e+00
   1.1506822e+01   1.0067848e+01
   1.1826198e+01   8.9232923e+00
   1.2149306e+01   1.2631137e+01
   1.2472668e+01   1.4097084e+01
   1.2806643e+01   1.1571335e+01
   1.3147181e+01   1.1931972e+01
   1.3489221e+01   1.2454959e+01
   1.3833615e+01   1.4369173e+01
   1.4179571e+01   1.1957168e+01
   1.4529000e+01   1.6116623e+01
   1.4880994e+01   1.4534788e+01
   1.5237932e+01   2.5043512e+01
   1.5600573e+01   1.7114674e+01
   1.5971717e+01   1.4338984e+01
   1.6349053e+01   1.9156760e+01
   1.6730342e+01   1.3054253e+01
   1.7112143e+01   1.7201005e+01
   1.7496413e+01   1.9053115e+01
   1.7882551e+01   1.6245000e+01
   1.8265381e+01   1.7534766e+01
   1.8634688e+01   1.9061964e+01
   1.8992393e+01   1.8178015e+01
   1.9331704e+01   1.6872484e+01
   1.9648600e+01   1.9917319e+01
   1.9949268e+01   1.6674383e+01
   2.0231964e+01   2.2314311e+01
   2.0496391e+01   1.9265081e+01
   2.0737390e+01   2.0364214e+01
   2.0949285e+01   2.3727049e+01
   2.1135621e+01   2.1953620e+01
   2.1294065e+01   2.2223439e+01
   2.1424318e+01   1.7936789e+01
   2.1524525e+01   2.4235074e+01
   2.1596033e+01   1.9981919e+01
   2.1636726e+01   2.4352083e+01
   2.1647156e+01   2.1703804e+01
   2.1630382e+01   2.0414371e+01
   2.1597428e+01   2.1624440e+01
   2.1540301e+01   2.1544494e+01
   2.1456678e+01   2.2134671e+01
   2.1349187e+01   2.0111693e+01
   2.1223767e+01   2.3508361e+01
   2.1072482e+01   2.0099776e+01
   2.0895237e+01   1.9576020e+01
   2.0692316e+01   2.2167624e+01
   2.0465960e+01   2.0660592e+01
   2.0217033e+01   2.2564169e+01
   1.9949477e+01   1.7696079e+01
   1.9669027e+01   2.1038228e+01
   1.9375888e+01   1.9665067e+01
   1.9074425e+01   2.0104231e+01
   1.8767751e+01   1.8099456e+01
   1.8455954e+01   1.8879960e+01
   1.8142611e+01   1.5967352e+01
   1.7833038e+01   1.5178924e+01
   1.7527324e+01   1.9354564e+01
   1.7223743e+01   1.8511201e+01
   1.6923854e+01   1.7919473e+01
   1.6627581e+01   1.4058412e+01
   1.6346121e+01   1.7703507e+01
   1.6073421e+01   1.5393290e+01
   1.5812334e+01   1.5286630e+01
   1.5555905e+01   1.8099514e+01
   1.5305846e+01   1.4024003e+01
   1.5065389e+01   1.7742773e+01
   1.4834960e+01   1.4181799e+01
   1.4616712e+01   1.5535573e+01
   1.4415604e+01   1.3508862e+01
   1.4227454e+01   1.2844608e+01
   1.4048488e+01   1.2826922e+01
   1.3880538e+01   1.5268077e+01
   1.3727530e+01   1.5106149e+01
   1.3590558e+01   1.1048688e+01
   1.3468288e+01   1.2404294e+01
   1.3360956e+01   1.1509559e+01
   1.3265032e+01   1.3322057e+01
   1.3182067e+01   1.0969865e+01
   1.3110609e+01   1.4358274e+01
   1.3049754e+01   1.5800120e+01
   1.3003326e+01   1.3839392e+01
   1.2965478e+01   1.3568783e+01
   1.2929563e+01   1.1988635e+01
   1.2892857e+01   1.5641444e+01
   1.2855650e+01   1.2490424e+01
   1.2815563e+01   1.3381373e+01
   1.2773497e+01   1.3672126e+01
   1.2729323e+01   1.3582436e+01
   1.2674734e+01   1.2975188e+01
   1.2600916e+01   1.0515811e+01
   1.2516737e+01   1.3449243e+01
   1.2418784e+01   1.0768103e+01
   1.2303215e+01   1.5067293e+01
   1.2171690e+01   1.2332311e+01
   1.2064738e+01   1.1107643e+01
   1.1957296e+01   1.4074971e+01
   1.1842871e+01   9.0141515e+00
   1.1722592e+01   1.3091022e+01
   1.1610101e+01   1.2829178e+01
   1.1497780e+01   1.2302457e+01
   1.1393933e+01   1.1823638e+01
   1.1288286e+01   9.7287974e+00
   1.1189817e+01   8.6293461e+00
   1.1099843e+01   1.0426045e+01
   1.1022891e+01   1.2111865e+01
   1.0959088e+01   7.4184497e+00
   1.0911985e+01   1.1237975e+01
   1.0889868e+01   9.3331206e+00
   1.0897866e+01   1.2495224e+01
   1.0937937e+01   1.0713664e+01
   1.1013184e+01   1.1847271e+01
   1.1122638e+01   9.6682834e+00
   1.1274070e+01   9.2576920e+00
   1.1467654e+01   1.2849193e+01
   1.1690654e+01   1.2670799e+01
   1.1944407e+01   1.1467320e+01
   1.2231370e+01   1.0175190e+01
   1.2544773e+01   1.2753668e+01
   1.2879864e+01   1.3108127e+01
   1.3229465e+01   1.3839016e+01
   1.3586756e+01   1.5181072e+01
   1.3945040e+01   1.4683262e+01
   1.4317871e+01   1.5582209e+01
   1.4678691e+01   1.5833116e+01
   1.5012826e+01   1.8010005e+01
   1.5316995e+01   1.3183948e+01
   1.5585823e+01   1.4028643e+01
   1.5817639e+01   1.4398973e+01
   1.6010412e+01   1.7402093e+01
   1.6156201e+01   1.6206686e+01
   1.6256784e+01   1.6301739e+01
   1.6297617e+01   1.6193206e+01
   1.6289402e+01   1.6311624e+01
   1.6241586e+01   1.8855493e+01
   1.6150362e+01   1.3979350e+01
   1.6019275e+01   1.7918560e+01
   1.5859294e+01   1.7218436e+01
   1.5673788e+01   1.4533518e+01
   1.5464981e+01   1.6104950e+01
   1.5244623e+01   1.6734573e+01
   1.5024484e+01   1.6204776e+01
   1.4811344e+01   1.2486277e+01
   1.4612896e+01   1.6019704e+01
   1.4440973e+01   1.4233390e+01
   1.4295196e+01   2.2516162e+01
   1.4156833e+01   1.3308510e+01
   1.4067228e+01   1.2054641e+01
   1.4029456e+01   1.3449159e+01
   1.4045777e+01   1.0616564e+01
   1.4109311e+01   1.3501206e+01
   1.4230257e+01   1.2959551e+01
   1.4397940e+01   1.4710466e+01
   1.4632080e+01   1.6327239e+01
   1.4919349e+01   1.5804466e+01
   1.5247603e+01   1.5567537e+01
   1.5612531e+01   1.6818188e+01
   1.6006153e+01   1.7244603e+01
   1.6421468e+01   1.7516325e+01
   1.6853855e+01   2.0427377e+01
   1.7294693e+01   1.5341659e+01
   1.7740049e+01   1.7726081e+01
   1.8188210e+01   1.5591726e+01
   1.8632338e+01   2.6626315e+01
   1.9069063e+01   1.8173339e+01
   1.9490093e+01   1.8577911e+01
   1.9906877e+01   2.0347621e+01
   2.0309369e+01   2.0628085e+01
   2.0687623e+01   2.0636678e+01
   2.1045757e+01   1.9635819e+01
   2.1383811e+01   2.0470294e+01
   2.1702158e+01   2.0144457e+01
   2.2009871e+01   2.2575186e+01
   2.2309370e+01   2.3456910e+01
   2.2587192e+01   2.0383851e+01
   2.2867263e+01   2.3785207e+01
   2.3150467e+01   1.9749045e+01
   2.3425995e+01   2.4038187e+01
   2.3700925e+01   2.2109000e+01
   2.3975707e+01   2.6018633e+01
   2.4244202e+01   2.6731046e+01
   2.4506706e+01   2.6265395e+01
   2.4771807e+01   2.4978431e+01
   2.5045638e+01   2.3451655e+01
   2.5323576e+01   2.5694778e+01
   2.5602039e+01   2.6445214e+01
   2.5890456e+01   2.8387265e+01
   2.6188248e+01   2.3910547e+01
   2.6490781e+01   2.7723025e+01
   2.6800413e+01   2.8480586e+01
   2.7120882e+01   2.6208611e+01
   2.7445426e+01   3.0187781e+01
   2.7767800e+01   2.5049750e+01
   2.8083595e+01   2.8468669e+01
   2.8392580e+01   2.5077326e+01
   2.8680320e+01   3.1445890e+01
   2.8939178e+01   2.9068749e+01
   2.9161289e+01   3.1124945e+01
   2.9339231e+01   3.8947320e+01
   2.9469464e+01   2.8909462e+01
   2.9545154e+01   3.1679354e+01
   2.9558740e+01   2.9375682e+01
   2.9508318e+01   2.8280008e+01
   2.9394774e+01   3.0062529e+01
   2.9211675e+01   2.9022047e+01
   2.8957958e+01   2.8044136e+01
   2.8650524e+01   3.0394141e+01
   2.8292492e+01   3.0760377e+01
   2.7886514e+01   2.7835284e+01
   2.7445969e+01   3.1089447e+01
   2.6975991e+01   2.4635648e+01
   2.6487093e+01   2.6314990e+01
   2.5986448e+01   2.4183928e+01
   2.5484914e+01   2.5312416e+01
   2.4995411e+01   2.5603245e+01
   2.4526686e+01   2.1980140e+01
   2.4079655e+01   2.4421351e+01
   2.3663722e+01   2.2662132e+01
   2.3289149e+01   2.6610256e+01
   2.2960062e+01   2.0660573e+01
   2.2678002e+01   2.3099891e+01
   2.2444858e+01   2.4217836e+01
   2.2264151e+01   2.2595470e+01
   2.2124049e+01   3.1637652e+01
   2.2023261e+01   1.9616340e+01
   2.1965614e+01   2.4166333e+01
   2.1949705e+01   2.1416316e+01
   2.1977391e+01   3.2417316e+01
   2.2046424e+01   2.0616497e+01
   2.2149706e+01   2.1557805e+01
   2.2281180e+01   2.3994061e+01
   2.2434654e+01   2.2675457e+01
   2.2604091e+01   2.3669952e+01
   2.2774151e+01   2.4064596e+01
   2.2942946e+01   2.6115126e+01
   2.3102436e+01   2.2460110e+01
   2.3243826e+01   2.3352398e+01
   2.3364205e+01   2.5331492e+01
   2.3458097e+01   2.4281157e+01
   2.3524626e+01   2.2243136e+01
   2.3562249e+01   2.3315533e+01
   2.3568639e+01   2.3730623e+01
   2.3539629e+01   2.0026013e+01
   2.3481743e+01   2.3153036e+01
   2.3401313e+01   2.1630387e+01
   2.3300363e+01   2.4081203e+01
   2.3185936e+01   2.3063621e+01
   2.3060809e+01   2.0381798e+01
   2.2929389e+01   2.3369879e+01
   2.2793105e+01   2.2015536e+01
   2.2651578e+01   2.1791224e+01
   2.2507303e+01   2.1567982e+01
   2.2363097e+01   2.1983704e+01
   2.2215933e+01   2.0711893e+01
   2.2067073e+01   2.4617009e+01
   2.1915981e+01   1.9878422e+01
   2.1763223e+01   2.1638694e+01
   2.1603449e+01   2.0974740e+01
   2.1438688e+01   2.2182398e+01
   2.1272131e+01   2.0530677e+01
   2.1090961e+01   2.1581457e+01
   2.0898401e+01   1.9349110e+01
   2.0699599e+01   2.9200149e+01
   2.0500123e+01   2.0281400e+01
   2.0296757e+01   1.9423403e+01
   2.0089752e+01   1.9974507e+01
   1.9880066e+01   2.3158710e+01
   1.9680985e+01   1.8210252e+01
   1.9487041e+01   2.2891280e+01
   1.9292998e+01   1.7822751e+01
   1.9101998e+01   2.1281336e+01
   1.8914918e+01   2.1079890e+01
   1.8735227e+01   1.9973746e+01
   1.8563240e+01   1.8739881e+01
   1.8401244e+01   1.9057227e+01
   1.8247031e+01   1.7528022e+01
   1.8092781e+01   1.8736010e+01
   1.7937801e+01   1.9965820e+01
   1.7778452e+01   1.7558442e+01
   1.7613250e+01   1.6714201e+01
   1.7437918e+01   1.6585083e+01
   1.7257369e+01   1.5605614e+01
   1.7021543e+01   1.9165412e+01
   1.6846599e+01   1.5662738e+01
   1.6670336e+01   1.9950092e+01
   1.6496231e+01   1.5552529e+01
   1.6326815e+01   1.9469253e+01
   1.6166377e+01   1.5153032e+01
   1.6016829e+01   1.3846730e+01
   1.5882804e+01   1.4779961e+01
   1.5769348e+01   1.3633596e+01
   1.5684911e+01   1.7662810e+01
   1.5634655e+01   1.6559394e+01
   1.5627127e+01   1.7694336e+01
   1.5661120e+01   1.2774740e+01
   1.5736193e+01   1.4973946e+01
   1.5853589e+01   1.8080756e+01
   1.6020043e+01   1.6862244e+01
   1.6244689e+01   1.9440756e+01
   1.6523607e+01   1.3725372e+01
   1.6855751e+01   1.7490926e+01
   1.7239703e+01   1.5781861e+01
   1.7674464e+01   1.8280843e+01
   1.8157811e+01   1.9752511e+01
   1.8686062e+01   1.6365964e+01
   1.9246209e+01   1.7458347e+01
   1.9830040e+01   2.5893141e+01
   2.0430159e+01   2.3172943e+01
   2.1038868e+01   2.1610802e+01
   2.1645706e+01   2.5007126e+01
   2.2244864e+01   1.8960947e+01
   2.2829497e+01   2.3417936e+01
   2.3389743e+01   2.2086903e+01
   2.3915870e+01   2.2440488e+01
   2.4396205e+01   2.2542320e+01
   2.4827465e+01   2.4673060e+01
   2.5205625e+01   2.7621532e+01
   2.5525303e+01   2.3863478e+01
   2.5780576e+01   2.8019237e+01
   2.5967046e+01   2.3034705e+01
   2.6086633e+01   3.4475983e+01
   2.6138262e+01   2.7732952e+01
   2.6121454e+01   2.7047982e+01
   2.6038323e+01   2.7258579e+01
   2.5894287e+01   2.7130766e+01
   2.5697284e+01   3.3661015e+01
   2.5454340e+01   2.3366056e+01
   2.5170199e+01   2.4999716e+01
   2.4848533e+01   2.4437333e+01
   2.4496211e+01   2.5712267e+01
   2.4126338e+01   2.1951710e+01
   2.3743560e+01   2.4657848e+01
   2.3350086e+01   2.5565059e+01
   2.2991541e+01   2.0138133e+01
   2.2564872e+01   2.3395517e+01
   2.2157766e+01   2.0919653e+01
   2.1771761e+01   2.4974104e+01
   2.1412459e+01   2.3304758e+01
   2.1084936e+01   1.8866065e+01
   2.0786977e+01   1.9792578e+01
   2.0523415e+01   1.8332421e+01
   2.0298904e+01   2.0756035e+01
   2.0113088e+01   2.0468203e+01
   1.9967757e+01   2.2397290e+01
   1.9861614e+01   1.7507920e+01
   1.9792074e+01   1.8881738e+01
   1.9753940e+01   2.1359157e+01
   1.9746078e+01   1.7391079e+01
   1.9760914e+01   2.1466838e+01
   1.9791113e+01   1.9451547e+01
   1.9835523e+01   2.0801240e+01
   1.9890342e+01   1.8358316e+01
   1.9951588e+01   2.0359127e+01
   2.0009503e+01   2.1474287e+01
   2.0066370e+01   2.0557414e+01
   2.0114630e+01   2.2238490e+01
   2.0157589e+01   1.7564526e+01
   2.0191372e+01   1.9578317e+01
   2.0215076e+01   2.0835217e+01
   2.0231543e+01   2.1268158e+01
   2.0242480e+01   2.1017739e+01
   2.0248899e+01   1.8864187e+01
   2.0246104e+01   1.9791179e+01
   2.0234664e+01   1.9015359e+01
   2.0218912e+01   2.0275926e+01
   2.0209916e+01   2.1404637e+01
   2.0211328e+01   2.0562082e+01
   2.0226845e+01   1.9335282e+01
   2.0262395e+01   1.9825596e+01
   2.0318502e+01   2.7521415e+01
   2.0398158e+01   2.2230531e+01
   2.0496033e+01   1.9809938e+01
   2.0615622e+01   1.7790571e+01
   2.0759631e+01   1.9133058e+01
   2.0922179e+01   1.8753622e+01
   2.1098493e+01   2.2598908e+01
   2.1286663e+01   2.1454182e+01
   2.1484683e+01   2.3370936e+01
   2.1692029e+01   2.3487155e+01
   2.1904240e+01   2.0089734e+01
   2.2122832e+01   2.4107847e+01
   2.2344310e+01   2.1833866e+01
   2.2567874e+01   2.5918714e+01
   2.2796121e+01   2.0552487e+01
   2.3036662e+01   2.4494602e+01
   2.3289016e+01   2.0182222e+01
   2.3547644e+01   2.6320433e+01
   2.3812863e+01   2.4248256e+01
   2.4086510e+01   2.3218078e+01
   2.4371195e+01   2.7288921e+01
   2.4672471e+01   2.2477289e+01
   2.4991527e+01   2.8372981e+01
   2.5328845e+01   2.6552658e+01
   2.5689751e+01   2.8736888e+01
   2.6075904e+01   2.3522736e+01
   2.6490989e+01   2.5694217e+01
   2.6932629e+01   2.6589044e+01
   2.7405097e+01   2.7122744e+01
   2.7906337e+01   2.6304259e+01
   2.8436911e+01   2.6591482e+01
   2.8989883e+01   2.9439747e+01
   2.9563607e+01   3.0135628e+01
   3.0160926e+01   3.1191841e+01
   3.0773538e+01   2.8973932e+01
   3.1398205e+01   3.2440537e+01
   3.2022083e+01   3.1287689e+01
   3.2644473e+01   3.2085019e+01
   3.3263303e+01   3.2671484e+01
   3.3875872e+01   3.4968063e+01
   3.4475172e+01   3.6616623e+01
   3.5051651e+01   3.4678960e+01
   3.5604205e+01   3.5307988e+01
   3.6133675e+01   3.4039611e+01
   3.6641090e+01   3.4715675e+01
   3.7120201e+01   3.5688843e+01
   3.7567698e+01   3.5759600e+01
   3.7981094e+01   3.9708823e+01
   3.8363036e+01   3.8489884e+01
   3.8715595e+01   3.7784734e+01
   3.9044716e+01   3.9666827e+01
   3.9345188e+01   3.9468050e+01
   3.9606209e+01   3.8858779e+01
   3.9830707e+01   4.1432702e+01
   4.0018548e+01   3.8341251e+01
   4.0171811e+01   3.6619944e+01
   4.0302961e+01   3.9283254e+01
   4.0403905e+01   3.9770571e+01
   4.0471357e+01   4.3338412e+01
   4.0501711e+01   3.8182899e+01
   4.0492805e+01   4.0229198e+01
   4.0445007e+01   3.9039014e+01
   4.0352454e+01   4.0792593e+01
   4.0213236e+01   4.3026231e+01
   4.0025994e+01   3.8614119e+01
   3.9789680e+01   4.1100069e+01
   3.9500947e+01   3.6275984e+01
   3.9160407e+01   4.1603706e+01
   3.8776869e+01   3.6837630e+01
   3.8352707e+01   3.8138952e+01
   3.7891046e+01   4.0187210e+01
   3.7397020e+01   3.5183742e+01
   3.6873884e+01   3.5705359e+01
   3.6306537e+01   3.3227228e+01
   3.5710870e+01   3.4433800e+01
   3.5090852e+01   3.3754260e+01
   3.4455560e+01   3.5951787e+01
   3.3807583e+01   3.2317047e+01
   3.3160156e+01   3.2149244e+01
   3.2510868e+01   3.5098699e+01
   3.1863061e+01   3.1479854e+01
   3.1224596e+01   3.2372947e+01
   3.0602583e+01   2.8874792e+01
   3.0000295e+01   3.3107953e+01
   2.9416532e+01   2.6697393e+01
   2.8857138e+01   3.0200983e+01
   2.8324989e+01   2.6261208e+01
   2.7823681e+01   2.5557871e+01
   2.7347959e+01   2.7161435e+01
   2.6890247e+01   2.4441832e+01
   2.6452418e+01   2.7210862e+01
   2.6036298e+01   2.4439687e+01
   2.5641435e+01   2.7509285e+01
   2.5260422e+01   2.6798853e+01
   2.4892131e+01   3.4121330e+01
   2.4536573e+01   2.4590427e+01
   2.4193345e+01   2.5730567e+01
   2.3858471e+01   2.4674169e+01
   2.3527846e+01   3.0525476e+01
   2.3198428e+01   2.3604470e+01
   2.2869037e+01   2.2633046e+01
   2.2540643e+01   2.2115632e+01
   2.2223612e+01   2.4342378e+01
   2.1924585e+01   2.3851309e+01
   2.1638548e+01   2.3108443e+01
   2.1363472e+01   2.1016042e+01
   2.1090282e+01   2.3633060e+01
   2.0812515e+01   1.9008187e+01
   2.0542587e+01   2.2959956e+01
   2.0282546e+01   1.7507389e+01
   2.0030881e+01   1.8024999e+01
   1.9787392e+01   2.1538501e+01
   1.9551855e+01   1.9151986e+01
   1.9324072e+01   2.1589764e+01
   1.9100767e+01   1.9618922e+01
   1.8887063e+01   2.0270226e+01
   1.8684203e+01   1.5908881e+01
   1.8491959e+01   1.9249698e+01
   1.8308179e+01   1.7367656e+01
   1.8132549e+01   1.6784186e+01
   1.7962553e+01   1.6853857e+01
   1.7799932e+01   1.4457505e+01
   1.7645999e+01   2.0006949e+01
   1.7507091e+01   1.5584745e+01
   1.7398310e+01   2.0602399e+01
   1.7308141e+01   1.5481731e+01
   1.7237888e+01   1.9157225e+01
   1.7185703e+01   1.5997394e+01
   1.7157224e+01   1.6419255e+01
   1.7145595e+01   1.7199938e+01
   1.7157587e+01   1.7495844e+01
   1.7193329e+01   2.0367438e+01
   1.7248494e+01   1.5808372e+01
   1.7323511e+01   1.7656652e+01
   1.7411995e+01   1.9115098e+01
   1.7516546e+01   2.0104589e+01
   1.7636754e+01   2.0024024e+01
   1.7771945e+01   1.9302862e+01
   1.7926902e+01   1.7809312e+01
   1.8099739e+01   1.6402746e+01
   1.8288275e+01   1.9940695e+01
   1.8488818e+01   1.7837276e+01
   1.8694637e+01   2.1022932e+01
   1.8909604e+01   1.9306748e+01
   1.9135920e+01   1.8253247e+01
   1.9367662e+01   1.7785117e+01
   1.9603180e+01   2.0202096e+01
   1.9835755e+01   2.0352710e+01
   2.0070762e+01   2.1292717e+01
   2.0294926e+01   2.3471580e+01
   2.0502537e+01   2.0939664e+01
   2.0695665e+01   1.9019764e+01
   2.0866124e+01   2.1615257e+01
   2.1009276e+01   1.9391703e+01
   2.1125057e+01   2.0343141e+01
   2.1211964e+01   1.8215670e+01
   2.1262716e+01   2.1242409e+01
   2.1282536e+01   2.0292668e+01
   2.1271543e+01   3.2085965e+01
   2.1221714e+01   1.9750899e+01
   2.1131398e+01   2.8932710e+01
   2.1007372e+01   2.1793228e+01
   2.0844102e+01   1.9582386e+01
   2.0648880e+01   1.9904728e+01
   2.0424005e+01   2.0994118e+01
   2.0177121e+01   1.9127365e+01
   1.9906086e+01   2.0403385e+01
   1.9610371e+01   2.2752524e+01
   1.9291341e+01   1.8781593e+01
   1.8960951e+01   1.9255188e+01
   1.8617426e+01   1.8713026e+01
   1.8267138e+01   1.5757918e+01
   1.7908475e+01   1.7004836e+01
   1.7540443e+01   1.7658781e+01
   1.7162048e+01   1.7107091e+01
   1.6780157e+01   1.4588992e+01
   1.6397172e+01   1.8774897e+01
   1.6012020e+01   1.4494497e+01
   1.5629038e+01   1.4395469e+01
   1.5249514e+01   1.7386615e+01
   1.4872287e+01   1.4221630e+01
   1.4496810e+01   1.6302985e+01
   1.4124336e+01   1.1457102e+01
   1.3759396e+01   1.6743181e+01
   1.3402040e+01   1.2612644e+01
   1.3052985e+01   1.5282593e+01
   1.2706085e+01   1.5293727e+01
   1.2361865e+01   9.9722195e+00
   1.2016046e+01   1.3415092e+01
   1.1663359e+01   8.2730175e+00
   1.1311292e+01   1.4597493e+01
   1.0960521e+01   1.1526342e+01
   1.0608962e+01   1.3047698e+01
   1.0261136e+01   1.2184829e+01
   9.9130997e+00   1.2067566e+01
   9.5580789e+00   8.6527488e+00
   9.1995744e+00   7.0944019e+00
   8.8414663e+00   9.7150691e+00
   8.4863542e+00   5.7547218e+00
   8.1287150e+00   9.6571483e+00
   7.7850985e+00   9.0006531e+00
   7.4569256e+00   7.0888899e+00
   7.1379191e+00   4.7745476e+00
   6.8328907e+00   6.9196577e+00
   6.5435293e+00   8.0773770e+00
   6.2733002e+00   7.0427821e+00
   6.0230152e+00   6.8787735e+00
   5.7980416e+00   7.1067366e+00
   5.5976984e+00   6.1504625e+00
   5.4239818e+00   6.8560793e+00
   5.2835007e+00   6.5026375e+00
   5.1947937e+00   7.7772720e+00
   5.1482877e+00   5.0006905e+00
   5.1587566e+00   7.9722080e+00
   5.2247906e+00   3.5753583e+00
   5.3432891e+00   5.2346582e+00
   5.5112368e+00   2.7694449e+00
   5.7428507e+00   6.9768084e+00
   6.0439814e+00   6.8145438e+00
   6.4166992e+00   6.6333837e+00
   6.8596393e+00   6.5773958e+00
   7.3827071e+00   4.2246632e+00
   7.9885967e+00   5.6403045e+00
   8.6740482e+00   9.2320348e+00
   9.4424780e+00   8.7916942e+00
   1.0293303e+01   9.1955052e+00
   1.1211735e+01   1.3092691e+01
   1.2190186e+01   1.3120795e+01
   1.3225470e+01   1.4294446e+01
   1.4310130e+01   1.2229388e+01
   1.5431329e+01   1.2783975e+01
   1.6582320e+01   1.8225499e+01
   1.7749036e+01   1.7730013e+01
   1.8920959e+01   2.0405292e+01
   2.0080357e+01   2.1794382e+01
   2.1217675e+01   2.1095061e+01
   2.2323546e+01   2.3790723e+01
   2.3387067e+01   2.1079881e+01
   2.4398639e+01   2.6086945e+01
   2.5351559e+01   2.1912025e+01
   2.6228474e+01   2.6399195e+01
   2.7031191e+01   2.6542207e+01
   2.7753168e+01   2.6743848e+01
   2.8392032e+01   2.9066046e+01
   2.8948867e+01   3.0396477e+01
   2.9423200e+01   3.0328941e+01
   2.9827655e+01   2.8705302e+01
   3.0163551e+01   3.0408891e+01
   3.0430421e+01   3.0903729e+01
   3.0629661e+01   3.1633136e+01
   3.0769481e+01   2.8177412e+01
   3.0853149e+01   3.0296557e+01
   3.0886985e+01   3.9552038e+01
   3.0875992e+01   3.2722358e+01
   3.0819297e+01   3.0880302e+01
   3.0734266e+01   3.1971374e+01
   3.0613767e+01   3.2463452e+01
   3.0463470e+01   2.7991304e+01
   3.0289210e+01   2.9987907e+01
   3.0093578e+01   2.8154542e+01
   2.9880789e+01   2.7560157e+01
   2.9656708e+01   2.7829104e+01
   2.9414409e+01   2.7433853e+01
   2.9171839e+01   2.8704866e+01
   2.8928663e+01   2.7347659e+01
   2.8688779e+01   2.8709576e+01
   2.8461793e+01   2.7252058e+01
   2.8253880e+01   2.9603580e+01
   2.8055960e+01   2.7542504e+01
   2.7874868e+01   3.0063021e+01
   2.7713502e+01   2.5807671e+01
   2.7569926e+01   2.5796237e+01
   2.7436251e+01   2.7063598e+01
   2.7313538e+01   2.6974480e+01
   2.7203886e+01   2.9160159e+01
   2.7101265e+01   2.4217331e+01
   2.7002597e+01   2.8530561e+01
   2.6916473e+01   2.4743179e+01
   2.6834813e+01   2.4435485e+01
   2.6754173e+01   2.6037042e+01
   2.6667218e+01   2.6402054e+01
   2.6574773e+01   2.7419896e+01
   2.6471348e+01   2.6989031e+01
   2.6352709e+01   2.5416093e+01
   2.6232946e+01   2.7946344e+01
   2.6093594e+01   2.6835692e+01
   2.5941181e+01   2.8126833e+01
   2.5777564e+01   2.3453828e+01
   2.5604662e+01   2.6444670e+01
   2.5421717e+01   3.1404925e+01
   2.5233178e+01   2.8781524e+01
   2.5040500e+01   2.2040640e+01
   2.4837383e+01   2.3402423e+01
   2.4624431e+01   2.6218787e+01
   2.4404698e+01   2.2467362e+01
   2.4189688e+01   2.2754752e+01
   2.3967402e+01   2.2945399e+01
   2.3745601e+01   2.3573119e+01
   2.3518785e+01   2.2305370e+01
   2.3285690e+01   2.5619682e+01
   2.3048262e+01   2.4571647e+01
   2.2803996e+01   2.5093959e+01
   2.2556120e+01   2.3003553e+01
   2.2306355e+01   2.2716886e+01
   2.2053905e+01   2.2725861e+01
   2.1800017e+01   2.9832007e+01
   2.1522824e+01   2.4793944e+01
   2.1242670e+01   2.1256026e+01
   2.0958653e+01   3.1555309e+01
   2.0663965e+01   2.0123842e+01
   2.0352021e+01   1.9669587e+01
   2.0020103e+01   2.8215344e+01
   1.9670883e+01   2.1122681e+01
   1.9304576e+01   1.8435265e+01
   1.8916848e+01   1.6742456e+01
   1.8511234e+01   1.9031319e+01
   1.8088207e+01   1.6644517e+01
   1.7649822e+01   1.7637005e+01
   1.7190496e+01   1.4592393e+01
   1.6710753e+01   1.4846644e+01
   1.6206954e+01   1.6882304e+01
   1.5681022e+01   1.5703589e+01
   1.5134326e+01   1.5508711e+01
   1.4568360e+01   1.5766271e+01
   1.3986606e+01   1.2896786e+01
   1.3387404e+01   1.5036551e+01
   1.2779086e+01   1.4232646e+01
   1.2166295e+01   1.1202082e+01
   1.1537592e+01   8.7088756e+00
   1.0907178e+01   2.1335153e+01
   1.0279201e+01   8.9091883e+00
   9.6650990e+00   1.2764577e+01
   9.0712082e+00   5.5799615e+00
   8.5054833e+00   8.4288439e+00
   7.9734855e+00   6.4208209e+00
   7.4652587e+00   9.1951402e+00
   7.0067089e+00   5.3521375e+00
   6.5955178e+00   4.5329280e+00
   6.2295649e+00   5.9172144e+00
   5.9094051e+00   4.0514401e+00
   5.6357314e+00   6.3486816e+00
   5.4118663e+00   3.5347577e+00
   5.2431214e+00   3.5498967e+00
   5.1241841e+00   4.2855563e+00
   5.0568854e+00   5.8269074e+00
   5.0348167e+00   1.3110504e+01
   5.0434989e+00   6.4978697e+00
   5.0970198e+00   5.1068314e+00
   5.1772637e+00   4.2707418e+00
   5.2840381e+00   4.6122255e+00
   5.4171992e+00   3.9445181e+00
   5.5759469e+00   7.7154255e+00
   5.7479869e+00   3.2664253e+00
   5.9227663e+00   7.3565862e+00
   6.0996752e+00   5.5576665e+00
   6.2784603e+00   3.6664648e+00
   6.4576760e+00   9.8727097e+00
   6.6385123e+00   7.9575201e+00
   6.8055694e+00   7.3777959e+00
   6.9560062e+00   7.2265618e+00
   7.0964547e+00   9.3287328e+00
   7.2313969e+00   9.6150348e+00
   7.3592962e+00   7.9822582e+00
   7.4772285e+00   6.9865598e+00
   7.5833926e+00   4.6759361e+00
   7.6788542e+00   1.0346150e+01
   7.7616148e+00   7.4749620e+00
   7.8330945e+00   6.6177965e+00
   7.8949747e+00   7.3741534e+00
   7.9519540e+00   6.2358917e+00
   7.9981617e+00   8.4642582e+00
   8.0417815e+00   6.3302595e+00
   8.0846615e+00   1.1055221e+01
   8.1296326e+00   8.0936817e+00
   8.1811708e+00   7.6507986e+00
   8.2286430e+00   9.5538681e+00
   8.2863529e+00   7.8642565e+00
   8.3563276e+00   8.3797443e+00
   8.4449808e+00   6.5631152e+00
   8.5653867e+00   8.0097819e+00
   8.7112471e+00   5.2883188e+00
   8.8834408e+00   1.0915896e+01
   9.0803239e+00   7.8738729e+00
   9.3053485e+00   1.1262924e+01
   9.5664772e+00   1.0311168e+01
   9.8677816e+00   1.0486733e+01
   1.0210675e+01   1.2036611e+01
   1.0612752e+01   8.8121415e+00
   1.1067149e+01   1.3301770e+01
   1.1580354e+01   1.0710336e+01
   1.2155644e+01   1.1245895e+01
   1.2790767e+01   1.0543756e+01
   1.3479930e+01   1.5075846e+01
   1.4217990e+01   1.1649260e+01
   1.4995934e+01   1.2609160e+01
   1.5805919e+01   1.8611079e+01
   1.6647306e+01   1.7945807e+01
   1.7510957e+01   1.7019531e+01
   1.8391854e+01   1.5790858e+01
   1.9286314e+01   2.2177645e+01
   2.0182810e+01   1.9773969e+01
   2.1069194e+01   2.3445555e+01
   2.1927724e+01   2.2878931e+01
   2.2750790e+01   2.4220658e+01
   2.3526159e+01   2.3086082e+01
   2.4240106e+01   2.4026411e+01
   2.4890266e+01   2.7503801e+01
   2.5466972e+01   2.3850750e+01
   2.5966119e+01   2.9019145e+01
   2.6382812e+01   2.4865567e+01
   2.6711970e+01   2.6463808e+01
   2.6945657e+01   2.7743771e+01
   2.7082327e+01   2.8122886e+01
   2.7122333e+01   2.9901023e+01
   2.7066571e+01   2.3665594e+01
   2.6920517e+01   2.7988545e+01
   2.6688961e+01   2.4856419e+01
   2.6379464e+01   2.8838802e+01
   2.5996030e+01   2.6501231e+01
   2.5546830e+01   2.5654877e+01
   2.5044818e+01   2.5654200e+01
   2.4502976e+01   2.2639537e+01
   2.3923853e+01   2.5920415e+01
   2.3319357e+01   2.3642240e+01
   2.2700321e+01   2.3567779e+01
   2.2078584e+01   2.3322438e+01
   2.1471498e+01   1.9697877e+01
   2.0880327e+01   1.9045741e+01
   2.0316753e+01   2.2244023e+01
   1.9787289e+01   2.0595600e+01
   1.9304810e+01   1.8243263e+01
   1.8882473e+01   1.8469228e+01
   1.8522431e+01   1.7648645e+01
   1.8224284e+01   1.8794934e+01
   1.7994133e+01   1.7731656e+01
   1.7835224e+01   1.8804370e+01
   1.7739817e+01   1.7506375e+01
   1.7698038e+01   1.6311735e+01
   1.7705062e+01   1.6315837e+01
   1.7766011e+01   1.5898340e+01
   1.7881155e+01   2.1049475e+01
   1.8040790e+01   1.5538136e+01
   1.8242195e+01   1.9071042e+01
   1.8479106e+01   1.7521680e+01
   1.8747704e+01   2.0541698e+01
   1.9046484e+01   2.1685939e+01
   1.9365846e+01   1.6945529e+01
   1.9690626e+01   2.3285905e+01
   2.0017228e+01   1.9837288e+01
   2.0335014e+01   2.1609028e+01
   2.0637372e+01   2.2307948e+01
   2.0923715e+01   2.2791358e+01
   2.1187295e+01   1.9559062e+01
   2.1426422e+01   1.9908982e+01
   2.1638049e+01   2.3585123e+01
   2.1821059e+01   1.9781279e+01
   2.1972348e+01   2.1685220e+01
   2.2081739e+01   2.3266550e+01
   2.2155285e+01   2.5521239e+01
   2.2195911e+01   2.0144397e+01
   2.2202261e+01   1.9947340e+01
   2.2179628e+01   2.3177782e+01
   2.2128782e+01   2.0663796e+01
   2.2055112e+01   2.3268060e+01
   2.1961691e+01   2.3030659e+01
   2.1855302e+01   2.1041391e+01
   2.1741446e+01   1.8518327e+01
   2.1623368e+01   2.3384753e+01
   2.1507105e+01   1.9979157e+01
   2.1403566e+01   2.1207236e+01
   2.1313986e+01   2.1248359e+01
   2.1248339e+01   2.2285062e+01
   2.1203334e+01   2.1387362e+01
   2.1184556e+01   1.8329779e+01
   2.1189346e+01   2.4430713e+01
   2.1218721e+01   2.2804388e+01
   2.1272490e+01   2.8468940e+01
   2.1352426e+01   2.3560439e+01
   2.1456981e+01   2.1007361e+01
   2.1579976e+01   2.3837572e+01
   2.1717299e+01   1.8137581e+01
   2.1865526e+01   2.4829147e+01
   2.2021814e+01   2.2607215e+01
   2.2187725e+01   2.1387404e+01
   2.2363480e+01   1.9858870e+01
   2.2536488e+01   2.1225339e+01
   2.2701019e+01   2.3967082e+01
   2.2873902e+01   2.0369944e+01
   2.3050682e+01   2.5849208e+01
   2.3214495e+01   1.9924123e+01
   2.3362549e+01   2.3247595e+01
   2.3486101e+01   2.4120024e+01
   2.3587260e+01   2.6152365e+01
   2.3660423e+01   2.3983499e+01
   2.3701558e+01   2.3060676e+01
   2.3715224e+01   2.1875685e+01
   2.3699617e+01   2.3532700e+01
   2.3654772e+01   2.4086771e+01
   2.3582194e+01   2.1864997e+01
   2.3477283e+01   2.3769939e+01
   2.3343786e+01   2.4874027e+01
   2.3183122e+01   2.1417288e+01
   2.2997079e+01   2.1006932e+01
   2.2787759e+01   2.2634430e+01
   2.2559275e+01   2.3182585e+01
   2.2312857e+01   1.8777038e+01
   2.2051209e+01   2.5374677e+01
   2.1775698e+01   2.0991405e+01
   2.1487174e+01   2.3563175e+01
   2.1186622e+01   2.0071032e+01
   2.0877206e+01   2.0150532e+01
   2.0565826e+01   1.9588823e+01
   2.0268511e+01   2.0855352e+01
   1.9977727e+01   2.0855875e+01
   1.9693053e+01   2.0245932e+01
   1.9414034e+01   1.9778735e+01
   1.9143620e+01   1.8728170e+01
   1.8883725e+01   2.1307707e+01
   1.8640727e+01   1.8684845e+01
   1.8411770e+01   2.0454037e+01
   1.8196092e+01   2.0919168e+01
   1.7997600e+01   1.8022808e+01
   1.7809615e+01   1.6906927e+01
   1.7646383e+01   1.4715041e+01
   1.7502053e+01   2.1009087e+01
   1.7379361e+01   1.4667425e+01
   1.7278900e+01   1.8766728e+01
   1.7202665e+01   1.6702843e+01
   1.7147857e+01   1.7228398e+01
   1.7111667e+01   2.0386305e+01
   1.7086839e+01   1.7331985e+01
   1.7080657e+01   1.8981382e+01
   1.7088432e+01   1.5682123e+01
   1.7104265e+01   1.6819267e+01
   1.7129034e+01   1.8546607e+01
   1.7160866e+01   1.9087206e+01
   1.7202576e+01   1.6744461e+01
   1.7242432e+01   1.8181819e+01
   1.7266186e+01   2.0490582e+01
   1.7285239e+01   1.4447537e+01
   1.7298152e+01   1.9979026e+01
   1.7305501e+01   1.7672028e+01
   1.7306486e+01   2.0231193e+01
   1.7297175e+01   1.6582455e+01
   1.7280514e+01   1.7628101e+01
   1.7260125e+01   1.9804225e+01
   1.7233492e+01   1.6749266e+01
   1.7202405e+01   1.7706825e+01
   1.7175111e+01   1.4636163e+01
   1.7157410e+01   2.0458716e+01
   1.7158514e+01   1.4972851e+01
   1.7153805e+01   1.6510014e+01
   1.7233677e+01   1.7304235e+01
   1.7351319e+01   1.5882948e+01
   1.7513622e+01   2.0794933e+01
   1.7729767e+01   1.7679007e+01
   1.8007766e+01   1.9082150e+01
   1.8346589e+01   1.4762897e+01
   1.8735879e+01   2.1452010e+01
   1.9166814e+01   2.4699222e+01
   1.9646181e+01   2.0077847e+01
   2.0178719e+01   1.9723895e+01
   2.0770948e+01   2.0935634e+01
   2.1414121e+01   2.1558423e+01
   2.2119556e+01   2.2234537e+01
   2.2882253e+01   2.2384666e+01
   2.3697105e+01   2.3262779e+01
   2.4554748e+01   2.7564904e+01
   2.5446362e+01   2.4795554e+01
   2.6358398e+01   2.3981275e+01
   2.7280214e+01   2.8164706e+01
   2.8196316e+01   2.8886698e+01
   2.9093261e+01   2.9499762e+01
   2.9958757e+01   2.6821407e+01
   3.0774248e+01   3.1582794e+01
   3.1527450e+01   3.2272819e+01
   3.2201866e+01   3.1467825e+01
   3.2786087e+01   3.0591268e+01
   3.3266727e+01   3.5300130e+01
   3.3634210e+01   3.3734621e+01
   3.3884816e+01   3.3699635e+01
   3.4021982e+01   3.4111562e+01
   3.4042196e+01   3.3221994e+01
   3.3949441e+01   3.3559492e+01
   3.3750226e+01   3.4516245e+01
   3.3452221e+01   3.3069869e+01
   3.3068597e+01   3.3615940e+01
   3.2610850e+01   2.9530744e+01
   3.2103011e+01   3.1577502e+01
   3.1559151e+01   3.1193733e+01
   3.0988863e+01   3.1147546e+01
   3.0409409e+01   2.6992175e+01
   2.9828887e+01   3.0460184e+01
   2.9260897e+01   3.0611127e+01
   2.8714970e+01   2.9176937e+01
   2.8198990e+01   2.6794456e+01
   2.7716435e+01   2.6128519e+01
   2.7269069e+01   2.7770741e+01
   2.6859731e+01   2.7734525e+01
   2.6479655e+01   2.5301309e+01
   2.6127950e+01   2.6532261e+01
   2.5803343e+01   2.4786551e+01
   2.5521270e+01   2.3655780e+01
   2.5200888e+01   2.5508207e+01
   2.4901626e+01   2.7102078e+01
   2.4617121e+01   2.5247606e+01
   2.4337363e+01   2.3926569e+01
   2.4057770e+01   2.1430697e+01
   2.3776072e+01   2.5267207e+01
   2.3500885e+01   2.4908272e+01
   2.3235502e+01   2.3554668e+01
   2.2959187e+01   2.0800940e+01
   2.2666363e+01   2.2616329e+01
   2.2351997e+01   2.5205353e+01
   2.2011808e+01   2.3160086e+01
   2.1651063e+01   2.4433181e+01
   2.1269885e+01   2.0544699e+01
   2.0873233e+01   2.0646708e+01
   2.0465388e+01   2.0050594e+01
   2.0051219e+01   1.8737229e+01
   1.9638827e+01   1.8387507e+01
   1.9231542e+01   1.6084841e+01
   1.8837157e+01   2.0691544e+01
   1.8460701e+01   1.5316508e+01
   1.8104349e+01   1.9061826e+01
   1.7772653e+01   1.6169036e+01
   1.7465786e+01   1.8936212e+01
   1.7192654e+01   1.7635121e+01
   1.6949549e+01   1.5272523e+01
   1.6743156e+01   1.8029998e+01
   1.6578213e+01   1.7470994e+01
   1.6451010e+01   1.9640350e+01
   1.6361734e+01   1.7141981e+01
   1.6305463e+01   1.6480053e+01
   1.6281001e+01   1.3402480e+01
   1.6289158e+01   1.5472250e+01
   1.6328848e+01   1.6817491e+01
   1.6397232e+01   1.4816656e+01
   1.6492529e+01   1.9787836e+01
   1.6609650e+01   1.7262674e+01
   1.6750008e+01   1.7390146e+01
   1.6892930e+01   1.8371239e+01
   1.7075468e+01   2.7168130e+01
   1.7273187e+01   1.6988388e+01
   1.7481440e+01   1.9080190e+01
   1.7699066e+01   1.7154878e+01
   1.7921237e+01   1.6493333e+01
   1.8146992e+01   2.1655066e+01
   1.8375721e+01   1.9268929e+01
   1.8607196e+01   2.0649497e+01
   1.8843919e+01   1.7937015e+01
   1.9082213e+01   2.1488135e+01
   1.9321240e+01   1.7115386e+01
   1.9560279e+01   1.7976178e+01
   1.9799548e+01   1.8788392e+01
   2.0044029e+01   1.7243503e+01
   2.0292806e+01   2.0730176e+01
   2.0541218e+01   1.9266425e+01
   2.0793465e+01   1.9987444e+01
   2.1053725e+01   1.8696714e+01
   2.1320038e+01   2.3305263e+01
   2.1589104e+01   2.1574513e+01
   2.1863390e+01   2.0101312e+01
   2.2137391e+01   2.2974515e+01
   2.2406897e+01   2.0721637e+01
   2.2674833e+01   2.2516593e+01
   2.2938676e+01   2.0884569e+01
   2.3198255e+01   2.6392939e+01
   2.3448783e+01   2.3893502e+01
   2.3686195e+01   2.1131275e+01
   2.3910342e+01   2.1992874e+01
   2.4117134e+01   2.9337961e+01
   2.4305737e+01   2.7805871e+01
   2.4474115e+01   2.3471134e+01
   2.4624666e+01   2.7521657e+01
   2.4757222e+01   2.5839886e+01
   2.4874409e+01   2.5782435e+01
   2.4982026e+01   2.7472593e+01
   2.5077369e+01   2.4897207e+01
   2.5164147e+01   2.8060969e+01
   2.5242966e+01   2.5681108e+01
   2.5318574e+01   2.6740438e+01
   2.5397264e+01   2.2092752e+01
   2.5478117e+01   2.5767255e+01
   2.5563953e+01   2.3085454e+01
   2.5656837e+01   2.6410231e+01
   2.5753606e+01   2.5583149e+01
   2.5852370e+01   3.3627157e+01
   2.5952449e+01   2.7751562e+01
   2.6054431e+01   2.3131018e+01
   2.6157195e+01   2.5137289e+01
   2.6256636e+01   2.3765834e+01
   2.6365633e+01   2.6096194e+01
   2.6442501e+01   2.5913815e+01
   2.6512627e+01   2.5925988e+01
   2.6578938e+01   2.8267426e+01
   2.6637447e+01   2.6052584e+01
   2.6687998e+01   3.0238362e+01
   2.6727666e+01   2.4756176e+01
   2.6755195e+01   2.5481438e+01
   2.6771376e+01   2.6164112e+01
   2.6777341e+01   2.8213833e+01
   2.6774635e+01   2.7591147e+01
   2.6760767e+01   2.4479361e+01
   2.6737671e+01   2.7177727e+01
   2.6705485e+01   2.3332604e+01
   2.6663716e+01   2.5858811e+01
   2.6612520e+01   2.4436356e+01
   2.6555946e+01   2.6552746e+01
   2.6492071e+01   2.4838339e+01
   2.6421657e+01   3.2528277e+01
   2.6345890e+01   2.5885295e+01
   2.6267270e+01   2.6153919e+01
   2.6188212e+01   2.5002070e+01
   2.6109242e+01   2.6875904e+01
   2.6034741e+01   2.7643262e+01
   2.5966168e+01   2.6765213e+01
   2.5904721e+01   2.6424996e+01
   2.5854407e+01   2.3542741e+01
   2.5814473e+01   2.5896938e+01
   2.5785162e+01   2.8659849e+01
   2.5761380e+01   2.3876207e+01
   2.5743215e+01   2.6232080e+01
   2.5733260e+01   2.4049705e+01
   2.5729215e+01   2.8758956e+01
   2.5723918e+01   2.5387157e+01
   2.5719120e+01   2.6243609e+01
   2.5713249e+01   2.7259430e+01
