   3.5896329e+01   3.6776685e+01
   3.5986939e+01   3.9921587e+01
   3.6073730e+01   4.2319221e+01
   3.6158180e+01   3.8179136e+01
   3.6241842e+01   3.3368216e+01
   3.6326292e+01   3.9030058e+01
   3.6413083e+01   3.6486427e+01
   3.6503692e+01   3.6550953e+01
   3.6599476e+01   3.8749099e+01
   3.6701624e+01   3.6877253e+01
   3.6811118e+01   3.9918669e+01
   3.6928702e+01   3.6664691e+01
   3.7054846e+01   3.7177924e+01
   3.7183694e+01   3.6680328e+01
   3.7322577e+01   3.4311638e+01
   3.7470788e+01   4.0578444e+01
   3.7627378e+01   3.6872224e+01
   3.7791176e+01   4.0381222e+01
   3.7960808e+01   3.6694369e+01
   3.8134734e+01   3.6677749e+01
   3.8311289e+01   3.7803439e+01
   3.8488729e+01   3.8705884e+01
   3.8665284e+01   4.0736746e+01
   3.8839211e+01   3.7890757e+01
   3.9008843e+01   4.1043059e+01
   3.9172640e+01   3.9955986e+01
   3.9329231e+01   3.5851950e+01
   3.9477441e+01   3.9808814e+01
   3.9616324e+01   3.7283958e+01
   3.9745172e+01   3.9045626e+01
   3.9863520e+01   4.1351166e+01
   3.9971143e+01   3.8500700e+01
   4.0068039e+01   4.0710134e+01
   4.0154408e+01   3.6690732e+01
   4.0230628e+01   4.2737998e+01
   4.0297224e+01   3.8388394e+01
   4.0354830e+01   3.8957763e+01
   4.0404165e+01   3.9939832e+01
   4.0445996e+01   4.1089251e+01
   4.0481111e+01   4.3552191e+01
   4.0510295e+01   4.0909008e+01
   4.0534309e+01   4.2973790e+01
   4.0553872e+01   3.8520345e+01
   4.0569650e+01   4.1272867e+01
   4.0582249e+01   4.2497458e+01
   4.0592210e+01   3.7173337e+01
   4.0600006e+01   4.1444688e+01
   4.0600006e+01   3.8301678e+01
   4.0600006e+01   3.9621763e+01
   4.0575909e+01   4.2356578e+01
   4.0545122e+01   3.8114255e+01
   4.0506179e+01   4.3591636e+01
   4.0457409e+01   3.8772705e+01
   4.0396942e+01   4.3793591e+01
   4.0322717e+01   3.8895679e+01
   4.0232511e+01   3.9943523e+01
   4.0123973e+01   4.1961240e+01
   3.9994678e+01   3.6725916e+01
   3.9842188e+01   4.1334393e+01
   3.9664131e+01   3.6111505e+01
   3.9458291e+01   4.3087227e+01
   3.9222700e+01   3.9008506e+01
   3.8955740e+01   3.7268839e+01
   3.8656244e+01   3.7948861e+01
   3.8323591e+01   3.4418770e+01
   3.7957787e+01   4.1838760e+01
   3.7559529e+01   3.4542051e+01
   3.7130253e+01   3.6205414e+01
   3.6672148e+01   3.6556912e+01
   3.6188141e+01   3.4418399e+01
   3.5681856e+01   3.7773692e+01
   3.5157537e+01   3.5023466e+01
   3.4619945e+01   3.8080213e+01
   3.4074229e+01   3.1210869e+01
   3.3525777e+01   3.5785037e+01
   3.2980061e+01   3.4905308e+01
   3.2442469e+01   3.1128207e+01
   3.1918150e+01   3.6107030e+01
   3.1411865e+01   3.1291071e+01
   3.0927858e+01   3.0010549e+01
   3.0469753e+01   2.8756301e+01
   3.0040477e+01   2.6821526e+01
   2.9642219e+01   2.9164752e+01
   2.9276415e+01   2.7771880e+01
   2.8943762e+01   3.0571115e+01
   2.8644266e+01   2.8251687e+01
   2.8377306e+01   2.8155337e+01
   2.8141715e+01   2.9410181e+01
   2.7935875e+01   2.8839283e+01
   2.7757818e+01   3.1795445e+01
   2.7606391e+01   2.7902995e+01
   2.7478454e+01   2.7702842e+01
   2.7371635e+01   2.6926159e+01
   2.7297046e+01   2.9256928e+01
   2.7242693e+01   2.6246724e+01
   2.7207263e+01   2.3079856e+01
   2.7189727e+01   2.8262821e+01
   2.7189363e+01   2.3539613e+01
   2.7205759e+01   2.7887548e+01
   2.7238798e+01   2.6877353e+01
   2.7307308e+01   2.7761337e+01
   2.7388642e+01   2.8095044e+01
   2.7484251e+01   2.7010798e+01
   2.7595531e+01   3.1426973e+01
   2.7723772e+01   2.6646244e+01
   2.7870102e+01   2.8245532e+01
   2.8035425e+01   2.7519107e+01
   2.8220360e+01   2.5173792e+01
   2.8425193e+01   3.1866246e+01
   2.8649824e+01   2.5152036e+01
   2.8893734e+01   3.2168821e+01
   2.9155960e+01   2.8446198e+01
   2.9435092e+01   2.7242849e+01
   2.9729284e+01   3.0567371e+01
   3.0036284e+01   2.6131742e+01
   3.0353482e+01   3.1204462e+01
   3.0677977e+01   2.7211298e+01
   3.1006654e+01   3.2110526e+01
   3.1336274e+01   3.0970556e+01
   3.1663569e+01   2.9032495e+01
   3.1985342e+01   3.5896083e+01
   3.2298554e+01   3.2184689e+01
   3.2600417e+01   3.3252305e+01
   3.2888462e+01   3.0873413e+01
   3.3160601e+01   3.1770295e+01
   3.3415166e+01   3.5591733e+01
   3.3650935e+01   2.9504385e+01
   3.3867134e+01   3.8124393e+01
   3.4063422e+01   3.2967107e+01
   3.4239868e+01   3.7848985e+01
   3.4396907e+01   3.5664595e+01
   3.4535289e+01   3.1547290e+01
   3.4656022e+01   3.5517734e+01
   3.4760312e+01   3.0322685e+01
   3.4849507e+01   3.7139128e+01
   3.4925035e+01   3.4263175e+01
   3.4988356e+01   4.2016842e+01
   3.5040917e+01   3.5304589e+01
   3.5084114e+01   3.2449510e+01
   3.5119263e+01   3.5597408e+01
   3.5147579e+01   3.5569471e+01
   3.5169341e+01   3.5496710e+01
   3.5186546e+01   3.6823231e+01
   3.5200012e+01   3.4196514e+01
   3.5200012e+01   3.4340571e+01
   3.5200012e+01   3.2288655e+01
   3.5200012e+01   3.6577971e+01
   3.5200012e+01   3.2670642e+01
   3.5200012e+01   3.4181131e+01
   3.5200012e+01   3.7496450e+01
   3.5200012e+01   3.5420138e+01
   3.5200012e+01   3.7666252e+01
   3.5200012e+01   3.4775418e+01
   3.5200012e+01   3.7405375e+01
   3.5200012e+01   3.3226204e+01
   3.5200012e+01   3.6553801e+01
   3.5200012e+01   3.3776019e+01
   3.5200012e+01   3.1334066e+01
   3.5200012e+01   3.7479023e+01
   3.5200012e+01   3.2424660e+01
   3.5200012e+01   3.6678916e+01
   3.5200012e+01   3.6901305e+01
   3.5200012e+01   3.6884612e+01
   3.5200012e+01   3.7111030e+01
   3.5200012e+01   3.4278046e+01
   3.5200012e+01   3.5279224e+01
   3.5200012e+01   3.3231594e+01
   3.5200012e+01   3.5545871e+01
   3.5200012e+01   3.6030124e+01
   3.5200012e+01   3.5336906e+01
   3.5200012e+01   3.6792075e+01
   3.5200012e+01   3.4482999e+01
   3.5200012e+01   3.5338127e+01
   3.5200012e+01   3.2868378e+01
   3.5200012e+01   3.5355931e+01
   3.5200012e+01   3.8289480e+01
   3.5200012e+01   3.1415908e+01
   3.5200012e+01   3.5402604e+01
   3.5200012e+01   4.1941911e+01
   3.5200012e+01   3.5749337e+01
   3.5200012e+01   3.4847832e+01
   3.5200012e+01   3.4862982e+01
   3.5200012e+01   3.6669591e+01
   3.5200012e+01   3.2577798e+01
   3.5200012e+01   3.8277864e+01
   3.5200012e+01   3.3041396e+01
   3.5200012e+01   3.5189830e+01
   3.5200012e+01   3.6601227e+01
   3.5200012e+01   3.1679362e+01
   3.5200012e+01   3.4813816e+01
   3.5200012e+01   3.2579927e+01
   3.5200012e+01   3.6327998e+01
   3.5200012e+01   3.2210721e+01
   3.5200012e+01   3.7021892e+01
   3.5200012e+01   3.4241462e+01
   3.5200012e+01   3.0609085e+01
   3.5200012e+01   3.5370894e+01
   3.5200012e+01   3.2137072e+01
   3.5200012e+01   3.5883421e+01
   3.5200012e+01   3.6831958e+01
   3.5200012e+01   3.4108113e+01
   3.5214896e+01   3.5086436e+01
   3.5233911e+01   3.3969045e+01
   3.5257964e+01   3.9264925e+01
   3.5288087e+01   3.2227171e+01
   3.5325434e+01   3.7730498e+01
   3.5371279e+01   3.4047257e+01
   3.5426994e+01   3.5327203e+01
   3.5494032e+01   3.9161439e+01
   3.5573891e+01   3.5309264e+01
   3.5668076e+01   3.6664276e+01
   3.5778052e+01   3.6473364e+01
   3.5905188e+01   3.3898044e+01
   3.6050700e+01   3.6225765e+01
   3.6215587e+01   3.2336147e+01
   3.6400570e+01   3.7365030e+01
   3.6606031e+01   3.7378625e+01
   3.6831969e+01   3.9673785e+01
   3.7077952e+01   3.8426425e+01
   3.7343092e+01   3.3821361e+01
   3.7626040e+01   4.0748847e+01
   3.7924985e+01   3.4731228e+01
   3.8237690e+01   4.1976625e+01
   3.8561533e+01   3.9636811e+01
   3.8893575e+01   3.8513033e+01
   3.9230635e+01   4.0430686e+01
   3.9569384e+01   3.7013539e+01
   3.9906444e+01   3.9980821e+01
   4.0238485e+01   3.6897590e+01
   4.0562329e+01   4.1157372e+01
   4.0875034e+01   4.0436054e+01
   4.1173979e+01   4.1530638e+01
   4.1456926e+01   4.5366626e+01
   4.1722066e+01   4.0999876e+01
   4.1968049e+01   4.1480205e+01
   4.2193987e+01   4.1595923e+01
   4.2399449e+01   4.4838481e+01
   4.2584431e+01   4.2505785e+01
   4.2749318e+01   4.3415782e+01
   4.2894830e+01   4.5435305e+01
   4.3021967e+01   4.8260356e+01
   4.3131942e+01   4.4725766e+01
   4.3226127e+01   4.0207061e+01
   4.3305986e+01   4.3388490e+01
   4.3373024e+01   4.6744049e+01
   4.3428740e+01   4.1043961e+01
   4.3474939e+01   4.6919844e+01
   4.3512739e+01   4.2991222e+01
   4.3543434e+01   4.4230472e+01
   4.3568204e+01   4.1863778e+01
   4.3588108e+01   4.3765834e+01
   4.3604084e+01   4.5279833e+01
   4.3605410e+01   4.2603310e+01
   4.3607006e+01   4.5608207e+01
   4.3608907e+01   4.2807166e+01
   4.3611149e+01   4.5893050e+01
   4.3613768e+01   4.6769507e+01
   4.3616794e+01   4.1497141e+01
   4.3620259e+01   4.4515819e+01
   4.3624184e+01   4.1290156e+01
   4.3628588e+01   4.5119900e+01
   4.3633480e+01   4.4464852e+01
   4.3638859e+01   4.1940068e+01
   4.3644715e+01   4.3658949e+01
   4.3651027e+01   4.4214992e+01
   4.3657763e+01   4.4895725e+01
   4.3664881e+01   4.4381318e+01
   4.3672325e+01   4.6559110e+01
   4.3680035e+01   4.6361842e+01
   4.3687940e+01   4.2961363e+01
   4.3695965e+01   4.3726997e+01
   4.3704029e+01   4.1389680e+01
   4.3712054e+01   4.6897342e+01
   4.3719959e+01   4.2952003e+01
   4.3727669e+01   4.4880456e+01
   4.3735113e+01   4.4229604e+01
   4.3742230e+01   4.0736891e+01
   4.3748967e+01   4.7506795e+01
   4.3755279e+01   3.9831109e+01
   4.3761135e+01   4.3938782e+01
   4.3766514e+01   4.3862197e+01
   4.3771406e+01   4.1847364e+01
   4.3775810e+01   4.3818224e+01
   4.3779735e+01   4.2942399e+01
   4.3783199e+01   4.7374421e+01
   4.3786226e+01   3.9361747e+01
   4.3788844e+01   4.2840219e+01
   4.3791087e+01   4.3431653e+01
   4.3792988e+01   4.3951541e+01
   4.3794584e+01   4.4814554e+01
   4.3795910e+01   4.0274647e+01
   4.3797002e+01   4.1891984e+01
   4.3797891e+01   4.3697985e+01
   4.3798608e+01   4.2700079e+01
   4.3799181e+01   4.3236193e+01
   4.3799633e+01   4.2538644e+01
   4.3799988e+01   4.5546702e+01
   4.3799988e+01   3.8990964e+01
   4.3799988e+01   4.6768225e+01
   4.3799988e+01   4.5311984e+01
   4.3799988e+01   4.1288085e+01
   4.3799988e+01   4.6335475e+01
   4.3799988e+01   4.0624930e+01
   4.3799988e+01   4.3587285e+01
   4.3799988e+01   4.4251371e+01
   4.3799988e+01   4.2442970e+01
   4.3799988e+01   4.5689075e+01
   4.3799988e+01   4.2133959e+01
   4.3799988e+01   4.7458920e+01
   4.3799988e+01   4.2104635e+01
   4.3799988e+01   4.3042695e+01
   4.3799988e+01   4.3217747e+01
   4.3799988e+01   4.4460666e+01
   4.3799988e+01   4.5385792e+01
   4.3799988e+01   4.4007515e+01
   4.3799988e+01   4.5972401e+01
   4.3799988e+01   4.3332659e+01
   4.3799988e+01   4.6273433e+01
   4.3799988e+01   4.4376817e+01
   4.3799988e+01   4.4390621e+01
   4.3799988e+01   4.5101177e+01
   4.3799988e+01   4.3645373e+01
   4.3799988e+01   4.6030146e+01
   4.3799988e+01   4.1143913e+01
   4.3799988e+01   4.4344574e+01
   4.3799988e+01   4.5603833e+01
   4.3799988e+01   4.4584052e+01
   4.3799279e+01   4.3890729e+01
   4.3798374e+01   3.9682849e+01
   4.3797228e+01   4.3739993e+01
   4.3795794e+01   4.5324288e+01
   4.3793307e+01   4.5378210e+01
   4.3790218e+01   4.5700428e+01
   4.3786420e+01   4.0161951e+01
   4.3788526e+01   4.4150915e+01
   4.3791547e+01   4.0038182e+01
   4.3795760e+01   4.6653634e+01
   4.3801497e+01   4.5924948e+01
   4.3809146e+01   4.3357149e+01
   4.3819153e+01   4.3798940e+01
   4.3832021e+01   4.3102521e+01
   4.3848303e+01   4.7136021e+01
   4.3868591e+01   4.4714732e+01
   4.3893511e+01   4.4461057e+01
   4.3923697e+01   4.7233255e+01
   4.3959777e+01   4.3839489e+01
   4.4002346e+01   4.7477414e+01
   4.4051944e+01   5.2166841e+01
   4.4109022e+01   4.6419588e+01
   4.4173922e+01   4.5951829e+01
   4.4246847e+01   4.3329522e+01
   4.4327839e+01   4.4445904e+01
   4.4416763e+01   4.1485495e+01
   4.4513291e+01   4.5756623e+01
   4.4616905e+01   4.1932932e+01
   4.4726896e+01   4.4200342e+01
   4.4842375e+01   4.7906721e+01
   4.4962298e+01   4.3976908e+01
   4.5085492e+01   4.8856921e+01
   4.5210689e+01   4.4880654e+01
   4.5336564e+01   4.8117414e+01
   4.5461779e+01   4.3470059e+01
   4.5585022e+01   4.1688456e+01
   4.5705050e+01   4.8755252e+01
   4.5820721e+01   4.1886209e+01
   4.5935640e+01   4.6513464e+01
   4.6045632e+01   4.4918949e+01
   4.6150309e+01   4.5677800e+01
   4.6249506e+01   4.7012507e+01
   4.6343281e+01   4.3015803e+01
   4.6431907e+01   4.7349390e+01
   4.6515854e+01   4.4158289e+01
   4.6595763e+01   4.7339650e+01
   4.6672414e+01   4.6466947e+01
   4.6746691e+01   4.9002789e+01
   4.6819540e+01   4.8512802e+01
   4.6891930e+01   4.5591524e+01
   4.6964809e+01   4.9364821e+01
   4.7039616e+01   4.6172126e+01
   4.7116466e+01   4.8744302e+01
   4.7196051e+01   4.6635270e+01
   4.7278903e+01   4.8431253e+01
   4.7365921e+01   5.6262555e+01
   4.7456591e+01   4.6860622e+01
   4.7550903e+01   4.9946168e+01
   4.7643434e+01   4.5233631e+01
   4.7740224e+01   4.9015741e+01
   4.7840462e+01   4.7221854e+01
   4.7943237e+01   4.5769921e+01
   4.8047565e+01   4.9351592e+01
   4.8152416e+01   4.4454312e+01
   4.8256745e+01   5.0042038e+01
   4.8359520e+01   4.7748665e+01
   4.8459757e+01   4.6396430e+01
   4.8542727e+01   4.9339749e+01
   4.8617601e+01   4.8283231e+01
   4.8682845e+01   5.0580105e+01
   4.8736942e+01   4.6358709e+01
   4.8778400e+01   4.7564249e+01
   4.8805763e+01   4.9431419e+01
   4.8817623e+01   4.9475289e+01
   4.8812630e+01   4.8727507e+01
   4.8789512e+01   4.5616698e+01
   4.8747094e+01   5.2607061e+01
   4.8684326e+01   4.7407779e+01
   4.8600311e+01   4.8146354e+01
   4.8494345e+01   5.1461106e+01
   4.8365954e+01   4.9057334e+01
   4.8214935e+01   5.2081826e+01
   4.8041395e+01   4.5249935e+01
   4.7845785e+01   4.8301339e+01
   4.7628933e+01   4.9491999e+01
   4.7392055e+01   4.4440996e+01
   4.7136763e+01   4.8210097e+01
   4.6865058e+01   4.6631743e+01
   4.6579296e+01   4.9374681e+01
   4.6278584e+01   4.3484239e+01
   4.5970260e+01   4.8249923e+01
   4.5657276e+01   4.3566248e+01
   4.5342724e+01   4.1950188e+01
   4.5029740e+01   4.6976218e+01
   4.4721416e+01   4.4418024e+01
   4.4420704e+01   4.4271979e+01
   4.4130336e+01   4.4677743e+01
   4.3852744e+01   4.2177400e+01
   4.3590007e+01   4.6190970e+01
   4.3343806e+01   4.3187393e+01
   4.3115394e+01   4.4379343e+01
   4.2905594e+01   4.2877431e+01
   4.2714808e+01   4.1934995e+01
   4.2543039e+01   4.1719337e+01
   4.2389930e+01   4.0921613e+01
   4.2254812e+01   4.4818483e+01
   4.2136757e+01   4.1173770e+01
   4.2034636e+01   4.4671724e+01
   4.1947179e+01   3.9350632e+01
   4.1873024e+01   4.4655306e+01
   4.1810775e+01   4.3736253e+01
   4.1759039e+01   4.2760405e+01
   4.1716469e+01   4.5800365e+01
   4.1681789e+01   3.8031861e+01
   4.1653819e+01   4.2502250e+01
   4.1631484e+01   4.0024786e+01
   4.1613827e+01   4.1213922e+01
   4.1600006e+01   4.2071959e+01
   4.1600006e+01   3.8303963e+01
   4.1600006e+01   4.4950686e+01
   4.1600006e+01   3.7495462e+01
   4.1600006e+01   4.2139998e+01
   4.1600006e+01   4.2532416e+01
   4.1600006e+01   3.9014246e+01
   4.1600006e+01   4.2718198e+01
   4.1600006e+01   3.9675371e+01
   4.1600006e+01   4.5689373e+01
   4.1600006e+01   4.2841408e+01
   4.1600006e+01   4.4182123e+01
   4.1600006e+01   4.4791855e+01
   4.1600006e+01   4.1524107e+01
   4.1600006e+01   4.5949374e+01
   4.1600006e+01   3.7874891e+01
   4.1600006e+01   4.4534213e+01
   4.1600006e+01   4.1406896e+01
   4.1600006e+01   4.2223538e+01
   4.1600006e+01   4.2299045e+01
   4.1600006e+01   3.8686669e+01
   4.1600006e+01   4.4855015e+01
   4.1600006e+01   4.0929697e+01
   4.1600006e+01   4.0501631e+01
   4.1600006e+01   4.4194912e+01
   4.1600006e+01   4.0193919e+01
   4.1600006e+01   4.4953679e+01
   4.1600006e+01   4.0694801e+01
   4.1600006e+01   4.2960257e+01
   4.1600006e+01   4.0610995e+01
   4.1600006e+01   3.9860865e+01
   4.1600006e+01   4.2026432e+01
   4.1600006e+01   4.0522033e+01
   4.1600006e+01   4.4092302e+01
   4.1600006e+01   4.2030961e+01
   4.1600006e+01   4.0447234e+01
   4.1600006e+01   4.0227087e+01
   4.1600006e+01   4.1841166e+01
   4.1600006e+01   4.2901837e+01
   4.1600006e+01   4.2039255e+01
   4.1600006e+01   4.5348882e+01
   4.1600006e+01   3.8971306e+01
   4.1600006e+01   4.2929010e+01
   4.1600006e+01   3.9955257e+01
   4.1600006e+01   3.9547522e+01
   4.1600006e+01   4.0747632e+01
   4.1600006e+01   3.9956639e+01
   4.1600006e+01   4.5580515e+01
   4.1600006e+01   3.8919401e+01
   4.1600006e+01   4.0546357e+01
   4.1600006e+01   4.2874275e+01
   4.1600006e+01   3.9721995e+01
   4.1600006e+01   4.5660823e+01
   4.1600006e+01   4.1588376e+01
   4.1600006e+01   4.1277171e+01
   4.1594691e+01   4.0711446e+01
   4.1587899e+01   4.0285852e+01
   4.1579309e+01   4.5065895e+01
   4.1568551e+01   3.8787272e+01
   4.1555213e+01   4.0986180e+01
   4.1538839e+01   4.0752077e+01
   4.1518941e+01   4.4176374e+01
   4.1494999e+01   4.1165255e+01
   4.1466478e+01   4.0678739e+01
   4.1432840e+01   4.1270000e+01
   4.1393563e+01   3.7285296e+01
   4.1348157e+01   4.4692410e+01
   4.1296189e+01   4.1332910e+01
   4.1237300e+01   4.3140975e+01
   4.1171235e+01   4.1679226e+01
   4.1097856e+01   3.9437168e+01
   4.1017164e+01   4.1877012e+01
   4.0929313e+01   4.0762953e+01
   4.0834620e+01   4.0857913e+01
   4.0733567e+01   4.0865072e+01
   4.0626801e+01   4.0703105e+01
   4.0515120e+01   4.1256171e+01
   4.0399462e+01   4.0644040e+01
   4.0280876e+01   4.2639070e+01
   4.0160497e+01   3.8481884e+01
   4.0039515e+01   4.1646089e+01
   3.9913821e+01   4.1340630e+01
   3.9788443e+01   3.8094337e+01
   3.9664194e+01   4.1070146e+01
   3.9541756e+01   4.4169864e+01
   3.9421652e+01   3.8884634e+01
   3.9304226e+01   3.7492525e+01
   3.9189634e+01   3.6555977e+01
   3.9077841e+01   3.9155094e+01
   3.8968628e+01   3.9181647e+01
   3.8861611e+01   4.1567509e+01
   3.8756269e+01   3.8730992e+01
   3.8651975e+01   3.9703136e+01
   3.8548037e+01   3.7058676e+01
   3.8443743e+01   3.6226636e+01
   3.8338401e+01   3.9202260e+01
   3.8231384e+01   3.8758745e+01
   3.8122171e+01   4.6957964e+01
   3.8010378e+01   3.9268078e+01
   3.7895786e+01   4.6521935e+01
   3.7778361e+01   3.6890792e+01
   3.7658256e+01   3.3722726e+01
   3.7535818e+01   3.7243783e+01
   3.7411569e+01   3.3343508e+01
   3.7286191e+01   3.7318154e+01
   3.7160497e+01   3.9624151e+01
   3.7037035e+01   3.7562751e+01
   3.6913487e+01   3.6144740e+01
   3.6790892e+01   3.3533206e+01
   3.6670213e+01   3.9857262e+01
   3.6552308e+01   3.5568505e+01
   3.6435066e+01   3.7281798e+01
   3.6321105e+01   3.5885668e+01
   3.6210658e+01   3.2439381e+01
   3.6103759e+01   3.5817834e+01
   3.5992460e+01   3.2241361e+01
   3.5882058e+01   3.9393278e+01
   3.5771592e+01   3.5204366e+01
   3.5659904e+01   3.2754332e+01
   3.5545681e+01   3.7670453e+01
   3.5427490e+01   3.4028758e+01
   3.5303838e+01   3.6284895e+01
   3.5173212e+01   3.1478356e+01
   3.5034147e+01   3.3494586e+01
   3.4885273e+01   3.3743053e+01
   3.4725375e+01   3.9069163e+01
   3.4553447e+01   3.5024283e+01
   3.4368735e+01   3.4616308e+01
   3.4170780e+01   3.5391918e+01
   3.3959451e+01   3.4430302e+01
   3.3734965e+01   3.2215900e+01
   3.3497901e+01   3.3441541e+01
   3.3253668e+01   3.1602873e+01
   3.2998213e+01   3.2517755e+01
   3.2733355e+01   3.2369263e+01
   3.2461517e+01   3.5431027e+01
   3.2184713e+01   3.0911030e+01
   3.1905386e+01   3.0165006e+01
   3.1626775e+01   3.0783397e+01
   3.1350929e+01   2.7182366e+01
   3.1080408e+01   3.1731052e+01
   3.0817671e+01   2.7803956e+01
   3.0565012e+01   3.2736640e+01
   3.0324507e+01   3.2848505e+01
   3.0095837e+01   2.7481693e+01
   2.9882041e+01   3.2614538e+01
   2.9684164e+01   2.7276606e+01
   2.9502886e+01   3.1188697e+01
   2.9338528e+01   2.7821799e+01
   2.9191056e+01   2.9314934e+01
   2.9060105e+01   3.1597060e+01
   2.8945011e+01   2.8264225e+01
   2.8844852e+01   3.2737691e+01
   2.8758486e+01   2.5795136e+01
   2.8684608e+01   3.0091074e+01
   2.8621793e+01   2.9212680e+01
   2.8568554e+01   2.5614257e+01
   2.8525303e+01   2.9380322e+01
   2.8488190e+01   2.4636345e+01
   2.8455893e+01   2.8779306e+01
   2.8426114e+01   2.8091564e+01
   2.8398499e+01   3.0460872e+01
   2.8374198e+01   3.0689035e+01
   2.8349604e+01   2.8623973e+01
   2.8323014e+01   2.7909730e+01
   2.8294698e+01   2.6721329e+01
   2.8270274e+01   2.9784617e+01
   2.8241994e+01   2.6944450e+01
   2.8209967e+01   2.8770293e+01
   2.8163011e+01   3.0688701e+01
   2.8109518e+01   2.4283742e+01
   2.8049032e+01   3.1617097e+01
   2.7981024e+01   2.5831775e+01
   2.7904882e+01   3.0927001e+01
   2.7819915e+01   2.6426910e+01
   2.7725353e+01   2.6093987e+01
   2.7620365e+01   2.7376269e+01
   2.7504079e+01   2.5603354e+01
   2.7375613e+01   3.0864381e+01
   2.7234113e+01   2.8340118e+01
   2.7078797e+01   2.4646080e+01
   2.6909003e+01   2.8480092e+01
   2.6724242e+01   2.4622407e+01
   2.6523969e+01   2.6582075e+01
   2.6308518e+01   2.4163765e+01
   2.6078177e+01   2.5498832e+01
   2.5833291e+01   2.5414678e+01
   2.5575174e+01   2.5509742e+01
   2.5305137e+01   2.5078997e+01
   2.5024287e+01   2.1247363e+01
   2.4735272e+01   2.6845568e+01
   2.4440303e+01   2.3934589e+01
   2.4146774e+01   2.4158784e+01
   2.3853682e+01   2.4494673e+01
   2.3563987e+01   2.3048012e+01
   2.3282334e+01   2.4303160e+01
   2.3009647e+01   1.9474050e+01
   2.2748842e+01   2.2774115e+01
   2.2502631e+01   2.2161111e+01
   2.2273452e+01   2.4094578e+01
   2.2063424e+01   2.1675068e+01
   2.1874301e+01   2.0735612e+01
   2.1707447e+01   2.1929753e+01
   2.1563812e+01   1.8143984e+01
   2.1443939e+01   2.1243227e+01
   2.1347960e+01   2.0820386e+01
   2.1275621e+01   1.9631660e+01
   2.1226301e+01   2.0871078e+01
   2.1199050e+01   2.1280759e+01
   2.1192621e+01   2.0644285e+01
   2.1205510e+01   2.1653088e+01
   2.1236829e+01   2.2800155e+01
   2.1292542e+01   2.0367245e+01
   2.1364288e+01   1.9117947e+01
   2.1450561e+01   2.1282952e+01
   2.1550716e+01   1.8632071e+01
   2.1662350e+01   2.2155348e+01
   2.1784229e+01   2.0966432e+01
   2.1915259e+01   2.3906503e+01
   2.2054503e+01   2.5595355e+01
   2.2209986e+01   2.0207182e+01
   2.2370284e+01   2.3595313e+01
   2.2535394e+01   1.9544553e+01
   2.2705387e+01   2.2980270e+01
   2.2880381e+01   2.5487000e+01
   2.3060523e+01   2.0204024e+01
   2.3245944e+01   2.4579178e+01
   2.3436730e+01   2.3539390e+01
   2.3632878e+01   2.7315492e+01
   2.3834259e+01   2.2111899e+01
   2.4040585e+01   3.3039842e+01
   2.4251385e+01   2.6453165e+01
   2.4465987e+01   2.3694610e+01
   2.4683516e+01   3.6861562e+01
   2.4902900e+01   2.5480354e+01
   2.5122890e+01   2.4023265e+01
   2.5342093e+01   2.3316978e+01
   2.5559011e+01   2.7012982e+01
   2.5772091e+01   2.8272519e+01
   2.5979776e+01   2.2534038e+01
   2.6180558e+01   2.7016973e+01
   2.6373030e+01   2.4094126e+01
   2.6555935e+01   2.7156168e+01
   2.6724356e+01   2.6392005e+01
   2.6882178e+01   2.4347463e+01
   2.7028596e+01   2.9714701e+01
   2.7164501e+01   2.3472252e+01
   2.7288610e+01   2.8223659e+01
   2.7401010e+01   2.7950390e+01
   2.7524705e+01   2.5265940e+01
   2.7643853e+01   2.6905523e+01
   2.7760548e+01   2.5604243e+01
   2.7877216e+01   2.9462464e+01
   2.7996574e+01   2.7615304e+01
   2.8121573e+01   2.8738507e+01
   2.8255346e+01   2.6634101e+01
   2.8401138e+01   2.8837646e+01
   2.8562224e+01   2.9035534e+01
   2.8741833e+01   2.5841433e+01
   2.8943049e+01   3.3025719e+01
   2.9168715e+01   2.6979836e+01
   2.9421335e+01   3.1742484e+01
   2.9702969e+01   3.1968288e+01
   3.0008274e+01   3.0410464e+01
   3.0346610e+01   3.1284114e+01
   3.0717844e+01   2.7558501e+01
   3.1121146e+01   3.4179145e+01
   3.1554951e+01   2.8716140e+01
   3.2016952e+01   3.0141161e+01
   3.2504111e+01   3.4464850e+01
   3.3012715e+01   3.0962478e+01
   3.3538453e+01   3.3187372e+01
   3.4076523e+01   3.1196871e+01
   3.4621762e+01   3.6847284e+01
   3.5168794e+01   3.3312841e+01
   3.5712191e+01   3.3026534e+01
   3.6246631e+01   3.7718283e+01
   3.6767054e+01   3.2523357e+01
   3.7268809e+01   3.8265464e+01
   3.7747772e+01   3.8328430e+01
   3.8200448e+01   3.9512640e+01
   3.8624041e+01   3.8875342e+01
   3.9016489e+01   3.5391761e+01
   3.9376479e+01   4.1276427e+01
   3.9703423e+01   3.7921210e+01
   3.9997409e+01   4.3364278e+01
   4.0259140e+01   4.1334040e+01
   4.0489843e+01   3.7278200e+01
   4.0691181e+01   4.3036791e+01
   4.0865148e+01   3.9868676e+01
   4.1013974e+01   4.0725891e+01
   4.1140030e+01   4.1490122e+01
   4.1245740e+01   3.9389636e+01
   4.1333509e+01   4.3809221e+01
   4.1405659e+01   4.2417164e+01
   4.1464380e+01   4.3444042e+01
   4.1511698e+01   3.8753920e+01
   4.1548350e+01   4.1883199e+01
   4.1577326e+01   4.1516170e+01
   4.1600006e+01   4.0648746e+01
   4.1600006e+01   4.2885298e+01
   4.1600006e+01   3.9077777e+01
   4.1600006e+01   4.3886999e+01
   4.1600006e+01   4.0049373e+01
   4.1600006e+01   4.1137689e+01
   4.1600006e+01   4.0752599e+01
   4.1600006e+01   4.1260191e+01
   4.1600006e+01   4.2468129e+01
   4.1600006e+01   3.9352913e+01
   4.1600006e+01   4.3856694e+01
   4.1600006e+01   4.2868630e+01
   4.1600006e+01   4.0295699e+01
   4.1600006e+01   4.4539083e+01
   4.1600006e+01   3.8099639e+01
   4.1600006e+01   4.5837479e+01
   4.1600006e+01   4.0538201e+01
   4.1600006e+01   4.4023886e+01
   4.1600006e+01   4.1607448e+01
   4.1600006e+01   4.1312774e+01
   4.1600006e+01   4.1090005e+01
   4.1600006e+01   4.0340567e+01
   4.1600006e+01   4.5762511e+01
   4.1600006e+01   4.2262523e+01
   4.1600006e+01   4.1266827e+01
   4.1600006e+01   4.0791916e+01
   4.1600006e+01   3.9006271e+01
   4.1600006e+01   4.1825959e+01
   4.1600006e+01   3.9826817e+01
   4.1600006e+01   4.5617366e+01
   4.1600006e+01   3.8721465e+01
   4.1600006e+01   4.2389686e+01
   4.1600006e+01   4.1085956e+01
   4.1600006e+01   4.0719491e+01
   4.1600006e+01   4.5754820e+01
   4.1600006e+01   3.9341634e+01
   4.1600006e+01   4.3425823e+01
   4.1600006e+01   4.2721301e+01
   4.1600006e+01   4.0391084e+01
   4.1600006e+01   4.2722641e+01
   4.1600006e+01   3.8556757e+01
   4.1600006e+01   4.2783718e+01
   4.1600006e+01   4.0676169e+01
   4.1600006e+01   4.2981610e+01
   4.1600006e+01   4.4448574e+01
   4.1600006e+01   3.9478889e+01
   4.1600006e+01   4.5680043e+01
   4.1600006e+01   4.0333452e+01
   4.1600006e+01   4.4932868e+01
   4.1600006e+01   4.2869166e+01
   4.1600006e+01   4.1343914e+01
   4.1600006e+01   4.3905714e+01
   4.1600006e+01   4.0737791e+01
   4.1600006e+01   4.3685568e+01
   4.1600006e+01   4.1847212e+01
   4.1600006e+01   4.0770879e+01
   4.1600006e+01   4.0263848e+01
   4.1600006e+01   3.9893809e+01
   4.1600006e+01   4.1969111e+01
   4.1600006e+01   3.7531509e+01
   4.1600006e+01   4.4292862e+01
   4.1600006e+01   3.8716024e+01
   4.1600006e+01   4.1492666e+01
   4.1600006e+01   4.2101084e+01
   4.1600006e+01   4.1763907e+01
   4.1600006e+01   4.5399113e+01
   4.1600006e+01   3.9350972e+01
   4.1600006e+01   4.4258817e+01
   4.1600006e+01   4.1122210e+01
   4.1600006e+01   4.0025577e+01
   4.1600006e+01   4.5370583e+01
   4.1600006e+01   4.6824356e+01
   4.1600006e+01   4.1643296e+01
   4.1600006e+01   4.1353205e+01
   4.1600006e+01   4.3007424e+01
   4.1600006e+01   4.3441179e+01
   4.1600006e+01   3.9473571e+01
   4.1600006e+01   4.3404549e+01
   4.1600006e+01   4.0337340e+01
   4.1600006e+01   4.2115272e+01
   4.1600006e+01   4.2456054e+01
   4.1600006e+01   3.9863509e+01
   4.1600006e+01   4.0414030e+01
   4.1600006e+01   3.7896725e+01
   4.1600006e+01   4.3082533e+01
   4.1600006e+01   4.0097298e+01
   4.1600006e+01   4.2006016e+01
   4.1600006e+01   4.1527758e+01
   4.1600006e+01   3.8844223e+01
   4.1600006e+01   4.1944587e+01
   4.1600006e+01   3.8206254e+01
   4.1600006e+01   4.1103673e+01
   4.1600006e+01   4.0976319e+01
   4.1600006e+01   4.1625269e+01
   4.1600006e+01   4.3615653e+01
   4.1600006e+01   3.9043076e+01
   4.1600006e+01   4.5988466e+01
   4.1600006e+01   4.0885271e+01
   4.1600006e+01   4.4189646e+01
   4.1600006e+01   4.1666000e+01
   4.1600006e+01   4.2214286e+01
   4.1600006e+01   4.1767006e+01
   4.1600006e+01   4.0282286e+01
   4.1600006e+01   4.1851335e+01
   4.1600006e+01   3.9342012e+01
   4.1600006e+01   4.4283172e+01
   4.1600006e+01   4.1656015e+01
   4.1600006e+01   4.2062478e+01
   4.1600006e+01   4.1221860e+01
   4.1600006e+01   4.0884097e+01
   4.1600006e+01   4.5571359e+01
   4.1600006e+01   4.2388872e+01
   4.1600006e+01   4.0273918e+01
   4.1600006e+01   4.1511827e+01
   4.1600006e+01   4.1838344e+01
   4.1600006e+01   4.2704897e+01
   4.1600006e+01   3.7364179e+01
   4.1600006e+01   4.4681698e+01
   4.1600006e+01   3.9662286e+01
   4.1600006e+01   4.0375548e+01
   4.1600006e+01   4.3393439e+01
   4.1600006e+01   4.0302135e+01
   4.1600006e+01   4.4518928e+01
   4.1600006e+01   4.2292614e+01
   4.1600006e+01   4.3167698e+01
   4.1600006e+01   4.1538671e+01
   4.1600006e+01   3.8887490e+01
   4.1565278e+01   4.1662267e+01
   4.1520908e+01   3.8358025e+01
   4.1464784e+01   4.2622665e+01
   4.1394499e+01   3.9300335e+01
   4.1307355e+01   4.2314492e+01
   4.1200384e+01   4.2522150e+01
   4.1070381e+01   3.7728480e+01
   4.0913959e+01   4.1959102e+01
   4.0727621e+01   3.7172969e+01
   4.0507856e+01   4.1076316e+01
   4.0251246e+01   3.8824619e+01
   3.9954594e+01   3.9524111e+01
   3.9615065e+01   4.1083298e+01
   3.9230328e+01   3.5451245e+01
   3.8798703e+01   4.3167082e+01
   3.8319291e+01   3.9198741e+01
   3.7792102e+01   3.6075159e+01
   3.7218142e+01   3.7792568e+01
   3.6599480e+01   3.3675528e+01
   3.5939270e+01   3.8766085e+01
   3.5241730e+01   3.2087357e+01
   3.4512085e+01   3.4265713e+01
   3.3756449e+01   3.3577760e+01
   3.2981685e+01   3.4981087e+01
   3.2195211e+01   3.2039062e+01
   3.1404795e+01   2.9261107e+01
   3.0618322e+01   3.3941014e+01
   2.9843557e+01   2.6086609e+01
   2.9087922e+01   2.9778810e+01
   2.8358276e+01   2.8153536e+01
   2.7660736e+01   2.4781570e+01
   2.7000526e+01   3.1099619e+01
   2.6381864e+01   2.4751960e+01
   2.5807904e+01   2.6877452e+01
   2.5280715e+01   2.3732006e+01
   2.4801304e+01   2.7173794e+01
   2.4369678e+01   2.6907116e+01
   2.3984941e+01   2.1980491e+01
   2.3645412e+01   2.5673553e+01
   2.3348760e+01   1.9127746e+01
   2.3092150e+01   2.6289890e+01
   2.2872385e+01   2.3518165e+01
   2.2686047e+01   2.2919708e+01
   2.2529625e+01   2.1725361e+01
   2.2399622e+01   1.9247500e+01
   2.2292651e+01   2.4815521e+01
   2.2205507e+01   2.2151594e+01
   2.2135222e+01   2.0682931e+01
   2.2079098e+01   2.2566712e+01
   2.2034728e+01   1.9749279e+01
   2.2000000e+01   2.1482973e+01
   2.2000000e+01   2.0686913e+01
   2.2000000e+01   2.3525608e+01
   2.2000000e+01   2.3004780e+01
   2.2000000e+01   2.0955566e+01
   2.2000000e+01   2.3451435e+01
   2.2000000e+01   2.0006769e+01
   2.2000000e+01   2.1507536e+01
   2.2000000e+01   1.8500235e+01
   2.2000000e+01   2.2942798e+01
   2.2000000e+01   2.2383532e+01
   2.2000000e+01   1.9078829e+01
   2.2000000e+01   2.3692721e+01
   2.2000000e+01   1.9427493e+01
   2.2000000e+01   2.5729831e+01
   2.2000000e+01   2.1850159e+01
   2.2000000e+01   2.4285168e+01
   2.2000000e+01   2.0012343e+01
   2.2000000e+01   2.2455623e+01
   2.2000000e+01   2.1730301e+01
   2.2000000e+01   2.2270517e+01
   2.2000000e+01   2.1772703e+01
   2.2000000e+01   2.1990407e+01
   2.2000000e+01   2.0155096e+01
   2.2000000e+01   2.2957736e+01
   2.2000000e+01   1.8464148e+01
   2.2000000e+01   2.5704507e+01
   2.2000000e+01   1.9881645e+01
   2.2000000e+01   2.3314701e+01
   2.2000000e+01   2.3510965e+01
   2.2000000e+01   2.1503432e+01
   2.2000000e+01   2.5582747e+01
   2.2000000e+01   2.0332816e+01
   2.2000000e+01   2.4488470e+01
   2.2000000e+01   2.0839865e+01
   2.2000000e+01   2.1782571e+01
   2.2000000e+01   2.2098154e+01
   2.2000000e+01   2.0291602e+01
   2.2000000e+01   2.2116318e+01
   2.2000000e+01   2.1316907e+01
   2.2000000e+01   2.3321213e+01
   2.2000000e+01   2.2199987e+01
   2.2000000e+01   2.3593887e+01
   2.2000000e+01   2.9377090e+01
   2.2000000e+01   2.1761699e+01
   2.2000000e+01   2.5943091e+01
   2.2000000e+01   1.8675000e+01
   2.2000000e+01   2.4298195e+01
   2.2000000e+01   1.9983044e+01
   2.2000000e+01   2.1161979e+01
   2.2000000e+01   2.6270574e+01
   2.2000000e+01   2.0341307e+01
   2.2000000e+01   2.2686843e+01
   2.2000000e+01   2.2815425e+01
   2.2000000e+01   2.0180699e+01
   2.2000000e+01   2.1613186e+01
   2.2000000e+01   1.8055130e+01
   2.2000000e+01   2.4450583e+01
   2.2000000e+01   2.0721086e+01
   2.2000000e+01   2.2235938e+01
   2.2000000e+01   2.3964790e+01
   2.2000000e+01   1.8931552e+01
   2.2000000e+01   2.1131190e+01
   2.2000000e+01   2.1206604e+01
   2.2000000e+01   2.5862720e+01
   2.2000000e+01   2.3125207e+01
   2.2000000e+01   2.1013192e+01
   2.2000000e+01   2.2182716e+01
   2.2000000e+01   1.9231170e+01
   2.2000000e+01   2.4650177e+01
   2.2000000e+01   1.8818331e+01
   2.2000000e+01   2.2937090e+01
   2.2000000e+01   1.8822626e+01
   2.2000000e+01   1.9982043e+01
   2.2000000e+01   2.0846111e+01
   2.2000000e+01   2.0218347e+01
   2.2000000e+01   2.2308931e+01
   2.2000000e+01   2.2222821e+01
   2.2000000e+01   2.1844190e+01
   2.2000000e+01   1.9882334e+01
   2.2000000e+01   2.0967967e+01
   2.2000000e+01   2.2450805e+01
   2.2000000e+01   2.0843448e+01
   2.2000000e+01   2.4587992e+01
   2.2000000e+01   2.2238886e+01
   2.2000000e+01   2.0272827e+01
   2.2000000e+01   2.3767769e+01
   2.2000000e+01   2.0621761e+01
   2.2000000e+01   2.1572085e+01
   2.2000000e+01   1.8392974e+01
   2.2000000e+01   2.1230185e+01
   2.2000000e+01   2.3192707e+01
   2.2000000e+01   2.1121672e+01
   2.2000000e+01   2.2841194e+01
   2.2000000e+01   2.2233211e+01
   2.2000000e+01   2.4832614e+01
   2.2000000e+01   2.2185530e+01
   2.2000000e+01   2.4027310e+01
   2.2000000e+01   2.1278295e+01
   2.2000000e+01   1.8494688e+01
   2.2000000e+01   3.0162812e+01
   2.2000000e+01   2.1539936e+01
   2.2000000e+01   2.4060408e+01
   2.2000000e+01   1.9377793e+01
   2.2000000e+01   2.3680569e+01
   2.2000000e+01   2.5268351e+01
   2.2000000e+01   2.1966114e+01
   2.2000000e+01   2.6456018e+01
   2.2000000e+01   2.7565703e+01
   2.2000000e+01   2.0681685e+01
   2.2000000e+01   2.1591528e+01
   2.2000000e+01   2.1423634e+01
   2.2000000e+01   2.6003133e+01
   2.2000000e+01   1.9239124e+01
   2.2000000e+01   2.2160934e+01
   2.2000000e+01   2.0059285e+01
   2.2000000e+01   2.2045619e+01
   2.2000000e+01   2.2459571e+01
   2.1993267e+01   1.8562640e+01
   2.1984665e+01   2.5334462e+01
   2.1973783e+01   2.1584211e+01
   2.1960157e+01   2.4720281e+01
   2.1943262e+01   1.9789475e+01
   2.1922522e+01   2.3960505e+01
   2.1897318e+01   2.3316536e+01
   2.1866991e+01   1.9910978e+01
   2.1830864e+01   2.2541850e+01
   2.1788257e+01   2.1012623e+01
   2.1738506e+01   2.2871264e+01
   2.1680991e+01   1.9332073e+01
   2.1615164e+01   2.0775626e+01
   2.1540572e+01   2.5397526e+01
   2.1456890e+01   1.9965744e+01
   2.1363943e+01   2.5130770e+01
   2.1261733e+01   2.1864190e+01
   2.1150455e+01   2.3716937e+01
   2.1030510e+01   2.3397438e+01
   2.0902510e+01   1.8192042e+01
   2.0767272e+01   2.3649087e+01
   2.0625810e+01   2.0694987e+01
   2.0479310e+01   2.2151627e+01
   2.0329100e+01   2.0843327e+01
   2.0176620e+01   2.0183581e+01
   2.0023376e+01   2.3799447e+01
   1.9870897e+01   1.8784078e+01
   1.9720687e+01   2.2522876e+01
   1.9574187e+01   2.0356540e+01
   1.9432725e+01   1.8071705e+01
   1.9297487e+01   1.9621416e+01
   1.9169487e+01   1.9578292e+01
   1.9049542e+01   2.2696701e+01
   1.8938264e+01   1.9048177e+01
   1.8836054e+01   2.0847126e+01
   1.8743107e+01   1.5621308e+01
   1.8659424e+01   1.6725564e+01
   1.8584833e+01   2.0755690e+01
   1.8519006e+01   1.5254158e+01
   1.8461491e+01   1.9669067e+01
   1.8411740e+01   1.7048190e+01
   1.8369133e+01   1.8846200e+01
   1.8333006e+01   1.7842993e+01
   1.8302679e+01   1.6352409e+01
   1.8277475e+01   2.1070077e+01
   1.8256735e+01   1.5125046e+01
   1.8239840e+01   2.2349798e+01
   1.8218063e+01   1.7141831e+01
   1.8196768e+01   1.6644413e+01
   1.8174994e+01   1.7420893e+01
   1.8151766e+01   1.4325542e+01
   1.8131314e+01   2.2060323e+01
   1.8106208e+01   1.5150642e+01
   1.8075697e+01   2.8004251e+01
   1.8038986e+01   1.5635397e+01
   1.7995254e+01   1.6582537e+01
   1.7943677e+01   1.6842829e+01
   1.7883452e+01   1.8193048e+01
   1.7813830e+01   1.7707336e+01
   1.7734145e+01   1.4219414e+01
   1.7643849e+01   1.9689231e+01
   1.7542550e+01   2.4282796e+01
   1.7430035e+01   1.6280335e+01
   1.7306307e+01   2.0810442e+01
   1.7171603e+01   1.5895322e+01
   1.7026407e+01   1.8296173e+01
   1.6871460e+01   1.5388835e+01
   1.6707752e+01   1.9294434e+01
   1.6536509e+01   1.5896324e+01
   1.6359166e+01   1.3163601e+01
   1.6177334e+01   1.7483239e+01
   1.5992754e+01   1.6300071e+01
   1.5807249e+01   1.4818144e+01
   1.5622669e+01   1.6043677e+01
   1.5440837e+01   1.3923521e+01
   1.5263494e+01   1.8023352e+01
   1.5092251e+01   1.1654098e+01
   1.4928543e+01   1.7501725e+01
   1.4773596e+01   1.3387919e+01
   1.4628400e+01   1.5287029e+01
   1.4493696e+01   1.5841722e+01
   1.4369968e+01   1.5242247e+01
   1.4257453e+01   1.6791786e+01
   1.4156154e+01   9.6653731e+00
   1.4065859e+01   1.3878128e+01
   1.3986173e+01   1.3706463e+01
   1.3916551e+01   1.2506619e+01
   1.3856326e+01   1.5838896e+01
   1.3804749e+01   1.1345400e+01
   1.3761017e+01   1.7121746e+01
   1.3724306e+01   1.2300669e+01
   1.3693795e+01   1.5443763e+01
   1.3668689e+01   1.1695901e+01
   1.3648237e+01   1.4312070e+01
   1.3631742e+01   1.7501429e+01
   1.3618570e+01   1.3036718e+01
   1.3608157e+01   1.6571438e+01
   1.3600006e+01   1.3621957e+01
   1.3600006e+01   1.2163437e+01
   1.3600006e+01   1.3955066e+01
   1.3600006e+01   1.1065002e+01
   1.3600006e+01   1.6187426e+01
   1.3600006e+01   9.9166710e+00
   1.3600006e+01   1.3190012e+01
   1.3600006e+01   1.4445762e+01
   1.3600006e+01   1.2235671e+01
   1.3600006e+01   1.2430495e+01
   1.3600006e+01   1.3973095e+01
   1.3600006e+01   1.7366030e+01
   1.3600006e+01   1.3822704e+01
   1.3600006e+01   1.6556743e+01
   1.3600006e+01   1.2764482e+01
   1.3600006e+01   1.2491424e+01
   1.3600006e+01   1.3080958e+01
   1.3600006e+01   9.6413212e+00
   1.3600006e+01   1.4220439e+01
   1.3600006e+01   1.4902972e+01
   1.3600006e+01   1.4743745e+01
   1.3600006e+01   1.2603960e+01
   1.3600006e+01   1.3960184e+01
   1.3600006e+01   1.7628718e+01
   1.3600006e+01   1.2907605e+01
   1.3600006e+01   1.3190507e+01
   1.3600006e+01   1.1432295e+01
   1.3600006e+01   1.3060002e+01
   1.3600006e+01   1.5478259e+01
   1.3600006e+01   1.2313426e+01
   1.3600006e+01   1.6200260e+01
   1.3600006e+01   1.3362895e+01
   1.3600006e+01   1.2087106e+01
   1.3600006e+01   1.3539182e+01
   1.3600006e+01   1.2763412e+01
   1.3600006e+01   1.4822326e+01
   1.3600006e+01   1.3907512e+01
   1.3600006e+01   1.2214660e+01
   1.3600006e+01   1.0888840e+01
   1.3600006e+01   1.4614430e+01
   1.3600006e+01   1.5528734e+01
   1.3600006e+01   1.4391542e+01
   1.3600006e+01   1.4903760e+01
   1.3600006e+01   9.9264606e+00
   1.3600006e+01   1.7108547e+01
   1.3600006e+01   1.4287142e+01
   1.3600006e+01   1.4112781e+01
   1.3600006e+01   1.6406030e+01
   1.3600006e+01   1.2040673e+01
   1.3600006e+01   1.4920008e+01
   1.3600006e+01   1.0104706e+01
   1.3600006e+01   1.5793491e+01
   1.3600006e+01   1.3907826e+01
   1.3600006e+01   1.3349125e+01
   1.3600006e+01   1.3911819e+01
   1.3600006e+01   1.2191656e+01
   1.3600006e+01   1.3866103e+01
   1.3600006e+01   1.4304856e+01
   1.3600006e+01   1.4316225e+01
   1.3600006e+01   1.4097112e+01
   1.3600006e+01   1.7290446e+01
   1.3600006e+01   1.6140645e+01
   1.3600006e+01   1.3560775e+01
   1.3600006e+01   1.4467979e+01
   1.3600006e+01   1.5673133e+01
   1.3600006e+01   1.0303991e+01
   1.3600006e+01   1.5397817e+01
   1.3600006e+01   1.0328615e+01
   1.3600006e+01   1.5676374e+01
   1.3600006e+01   1.4712442e+01
   1.3600006e+01   1.1660036e+01
   1.3600006e+01   1.5510290e+01
   1.3600006e+01   1.0574567e+01
   1.3600006e+01   1.5454874e+01
   1.3600006e+01   1.0045224e+01
   1.3600006e+01   1.3988859e+01
   1.3600006e+01   1.1591592e+01
   1.3600006e+01   1.5145090e+01
   1.3600006e+01   1.5821683e+01
   1.3600006e+01   1.1860525e+01
   1.3600006e+01   1.7763166e+01
   1.3600006e+01   1.3410838e+01
   1.3600006e+01   1.2857249e+01
   1.3600006e+01   1.6075654e+01
   1.3600006e+01   1.9518856e+01
   1.3600006e+01   1.3942887e+01
   1.3600006e+01   1.1059371e+01
   1.3600006e+01   1.3797144e+01
   1.3600006e+01   1.2674964e+01
   1.3600006e+01   1.4457573e+01
   1.3600006e+01   1.2929970e+01
   1.3600006e+01   1.4055816e+01
   1.3600006e+01   1.4163831e+01
   1.3600006e+01   1.3257238e+01
   1.3600006e+01   1.4918576e+01
   1.3600006e+01   1.5557662e+01
   1.3600006e+01   1.4638656e+01
   1.3600006e+01   1.6467163e+01
   1.3600006e+01   1.2027341e+01
   1.3600006e+01   1.5824340e+01
   1.3600006e+01   1.0398435e+01
   1.3600006e+01   1.4711798e+01
   1.3600006e+01   1.2077267e+01
   1.3600006e+01   1.4601504e+01
   1.3600006e+01   1.5934174e+01
   1.3600006e+01   1.0971986e+01
   1.3600006e+01   1.6360030e+01
   1.3600006e+01   1.1230940e+01
   1.3600006e+01   1.2179165e+01
   1.3600006e+01   1.7075309e+01
   1.3600006e+01   1.3293846e+01
   1.3600006e+01   1.7940201e+01
   1.3600006e+01   1.2942521e+01
   1.3600006e+01   1.2469524e+01
   1.3600006e+01   1.4443341e+01
   1.3600006e+01   1.0734350e+01
   1.3600006e+01   1.4797245e+01
   1.3600006e+01   9.1751302e+00
   1.3600006e+01   1.4477419e+01
   1.3600006e+01   1.4904657e+01
   1.3600006e+01   1.2007533e+01
   1.3600006e+01   1.6764695e+01
   1.3600006e+01   1.0468851e+01
   1.3600006e+01   1.6707022e+01
   1.3600006e+01   1.2561149e+01
   1.3600006e+01   1.6482374e+01
   1.3600006e+01   1.0639632e+01
   1.3600006e+01   1.5410901e+01
   1.3600006e+01   1.6822367e+01
   1.3600006e+01   9.4506180e+00
   1.3600006e+01   1.4117842e+01
   1.3600006e+01   1.3308498e+01
   1.3600006e+01   1.5587751e+01
   1.3600006e+01   1.4407318e+01
   1.3600006e+01   1.0772886e+01
   1.3600006e+01   1.3134341e+01
   1.3600006e+01   1.0989771e+01
   1.3600006e+01   1.7498285e+01
   1.3600006e+01   1.1199353e+01
   1.3600006e+01   1.4871219e+01
   1.3600006e+01   1.2703299e+01
   1.3600006e+01   1.3685552e+01
   1.3600006e+01   1.4834518e+01
   1.3600006e+01   1.3605100e+01
   1.3600006e+01   1.3935921e+01
   1.3600006e+01   1.3607036e+01
   1.3600006e+01   1.5269834e+01
   1.3600006e+01   1.3363210e+01
   1.3600006e+01   9.8274936e+00
   1.3600006e+01   1.4506716e+01
   1.3600006e+01   1.0474778e+01
   1.3600006e+01   1.5019885e+01
   1.3600006e+01   1.6170157e+01
   1.3600006e+01   1.2371393e+01
   1.3600006e+01   1.4184624e+01
   1.3600006e+01   1.2605170e+01
   1.3600006e+01   1.4671613e+01
   1.3600006e+01   1.2569801e+01
   1.3600006e+01   1.2590399e+01
   1.3600006e+01   1.2624175e+01
   1.3600006e+01   1.0277073e+01
   1.3600006e+01   1.6152123e+01
   1.3600006e+01   1.1617839e+01
   1.3600006e+01   1.5998107e+01
   1.3600006e+01   1.5385523e+01
   1.3600006e+01   1.3529476e+01
   1.3600006e+01   1.4017035e+01
   1.3600006e+01   1.1492841e+01
   1.3600006e+01   1.5277643e+01
   1.3600006e+01   1.3167962e+01
   1.3600006e+01   1.2062212e+01
   1.3600006e+01   1.6461577e+01
   1.3600006e+01   1.0112721e+01
   1.3600006e+01   1.5645903e+01
   1.3600006e+01   9.8994075e+00
   1.3600006e+01   1.4281996e+01
   1.3600006e+01   1.5069787e+01
   1.3600006e+01   1.0718931e+01
   1.3600006e+01   1.5588558e+01
   1.3600006e+01   1.0753318e+01
   1.3600006e+01   1.5438984e+01
   1.3600006e+01   1.1491134e+01
   1.3600006e+01   2.3785666e+01
   1.3600006e+01   1.5979487e+01
   1.3600006e+01   1.0151530e+01
   1.3600006e+01   1.4771669e+01
   1.3600006e+01   1.2279777e+01
   1.3600006e+01   1.3172138e+01
   1.3600006e+01   1.0834659e+01
   1.3600006e+01   1.5318605e+01
   1.3600006e+01   1.3317800e+01
   1.3600006e+01   1.2078452e+01
   1.3600006e+01   1.6754732e+01
   1.3600006e+01   1.0354773e+01
   1.3600006e+01   1.2788373e+01
   1.3600006e+01   1.5741602e+01
   1.3600006e+01   1.4254940e+01
   1.3600006e+01   1.2972051e+01
   1.3600006e+01   1.1551171e+01
   1.3600006e+01   1.7954171e+01
   1.3600006e+01   1.8606941e+01
   1.3600006e+01   1.2522693e+01
   1.3600006e+01   1.5384430e+01
   1.3600006e+01   1.3351262e+01
   1.3600006e+01   1.6440396e+01
   1.3600006e+01   1.1875769e+01
   1.3600006e+01   1.5964695e+01
   1.3600006e+01   1.3968758e+01
   1.3600006e+01   1.1410686e+01
   1.3600006e+01   1.5000010e+01
   1.3600006e+01   1.3356797e+01
   1.3600006e+01   1.7536029e+01
   1.3600006e+01   1.0316745e+01
   1.3600006e+01   1.5062646e+01
   1.3600006e+01   1.2370893e+01
   1.3600006e+01   1.4292804e+01
   1.3600006e+01   1.3580309e+01
   1.3600006e+01   1.2505266e+01
   1.3600006e+01   1.4023475e+01
   1.3600006e+01   1.4542602e+01
   1.3600006e+01   1.6277018e+01
   1.3600006e+01   1.4850426e+01
   1.3600006e+01   1.4307779e+01
   1.3600006e+01   1.5463139e+01
   1.3600006e+01   1.2529982e+01
   1.3600006e+01   1.2571436e+01
   1.3600006e+01   1.3818226e+01
   1.3600006e+01   1.4325322e+01
   1.3600006e+01   1.6787904e+01
   1.3600006e+01   1.4085346e+01
   1.3600006e+01   1.7986715e+01
   1.3600006e+01   1.2925317e+01
   1.3600006e+01   1.3991143e+01
   1.3600006e+01   1.6161615e+01
   1.3600006e+01   1.4550432e+01
   1.3600006e+01   1.7283969e+01
   1.3600006e+01   1.2801122e+01
   1.3594691e+01   1.4845067e+01
   1.3587899e+01   1.2389046e+01
   1.3579309e+01   1.5275472e+01
   1.3568551e+01   1.3026485e+01
   1.3555213e+01   1.0753578e+01
   1.3538839e+01   1.7636795e+01
   1.3518941e+01   1.1511731e+01
   1.3474800e+01   1.4860828e+01
   1.3420472e+01   1.5659854e+01
   1.3354191e+01   1.2000504e+01
   1.3274034e+01   1.3106261e+01
   1.3177942e+01   1.2365896e+01
   1.3063755e+01   1.5548467e+01
   1.2929253e+01   1.0310655e+01
   1.2772208e+01   1.3102900e+01
   1.2590448e+01   1.5125199e+01
   1.2381933e+01   9.7979993e+00
   1.2144829e+01   1.2744862e+01
   1.1877594e+01   6.7131857e+00
   1.1579060e+01   1.2721301e+01
   1.1248518e+01   8.2697167e+00
   1.0885790e+01   1.2220567e+01
   1.0491290e+01   9.7855574e+00
   1.0066073e+01   5.9161688e+00
   9.6118609e+00   1.3120853e+01
   9.1310447e+00   6.2691363e+00
   8.6266658e+00   9.0223720e+00
   8.1023675e+00   6.1513647e+00
   7.5623231e+00   9.0023838e+00
   7.0111401e+00   8.3136825e+00
   6.4537454e+00   3.0320439e+00
   5.8952538e+00   7.2617816e+00
   5.3408288e+00   6.0048424e+00
   4.7955389e+00   5.5393002e+00
   4.2642182e+00   5.2605488e+00
   3.7513364e+00   8.2367947e-02
   3.2608853e+00   6.5119045e+00
   2.7962851e+00  -1.4428840e+00
   2.3603161e+00   3.2180742e+00
   1.9550760e+00  -5.6548829e-01
   1.5819651e+00  -9.0625662e-01
   1.2416971e+00   2.9165542e+00
   9.3433460e-01   7.8855082e-01
   6.5934462e-01   1.9395605e+00
   4.1567066e-01  -1.5713714e+00
   2.0181633e-01   8.2328856e-01
   1.5935534e-02   3.6651555e-01
  -1.4407546e-01  -3.0917939e+00
  -2.8048843e-01   1.0218092e+00
  -3.9565970e-01  -2.8836595e+00
  -4.9195562e-01   2.2640342e+00
  -5.6756976e-01   1.0428694e-01
  -6.2978770e-01  -2.0839703e+00
  -6.8047338e-01  -1.0120490e-01
  -7.2170785e-01  -1.8419785e+00
  -7.5480402e-01  -8.4366510e-01
  -7.8118364e-01  -2.4706037e+00
  -8.0210003e-01   2.0810533e+00
  -8.0298924e-01   9.6377937e-01
  -8.0443513e-01  -1.2715683e+00
  -8.0621442e-01  -1.6859305e+00
  -8.0838322e-01  -2.1860893e+00
  -8.1100178e-01   7.8249246e-01
  -8.1413345e-01  -1.7832651e+00
  -8.1784341e-01  -1.3014064e+00
  -8.2219696e-01   4.4026263e-01
  -8.2725761e-01   4.0014521e+00
  -8.3308481e-01   1.2293199e+00
  -8.3973155e-01  -4.9161157e-01
  -8.4724186e-01   5.6310626e-01
  -8.5564827e-01  -4.0132883e+00
  -8.6496943e-01  -2.2404812e+00
  -8.7520804e-01   2.5202195e+00
  -8.8634905e-01  -1.5297285e+00
  -8.9835857e-01  -1.1752547e+00
  -9.1118321e-01  -3.4742337e+00
  -9.2475030e-01   1.9941309e+00
  -9.3896872e-01  -1.3498583e+00
  -9.5373057e-01  -1.8037015e+00
  -9.6891355e-01   3.8351156e-01
  -9.8438392e-01  -2.2240891e+00
  -1.0000000e+00   1.0377289e+01
  -1.0156161e+00  -2.9274862e+00
  -1.0310864e+00   2.3948271e-01
  -1.0462694e+00   1.9495898e-01
  -1.0613856e+00  -2.6919829e-01
  -1.0760568e+00   2.6950840e+00
  -1.0901966e+00  -3.3256495e+00
  -1.1037384e+00   1.0036852e+01
  -1.1166371e+00  -6.6500704e-01
  -1.1288697e+00  -3.5257260e+00
  -1.1425611e+00   1.1795933e+00
  -1.1561949e+00  -9.6735041e-01
  -1.1699389e+00   2.9548029e-01
  -1.1839949e+00  -1.9502299e+00
  -1.1985954e+00  -1.3620667e+00
  -1.2139989e+00   6.5098949e-02
  -1.2304836e+00  -3.2466257e-01
  -1.2483399e+00  -7.6787430e-01
  -1.2678627e+00  -3.3411980e+00
  -1.2893414e+00  -4.1162743e-01
  -1.3130503e+00  -3.8692133e+00
  -1.3392383e+00   7.6948729e-01
  -1.3681180e+00   5.4957456e+00
  -1.3998562e+00  -2.9661545e+00
  -1.4342894e+00  -6.8537369e-01
  -1.4718038e+00  -1.8357758e+00
  -1.5123642e+00   1.7046640e+00
  -1.5558633e+00  -3.9959798e+00
  -1.6021204e+00  -3.3612583e+00
  -1.6506072e+00   5.8675058e-01
  -1.7013392e+00  -1.4290111e+00
  -1.7539175e+00   2.0362590e+00
  -1.8082462e+00  -2.2399599e+00
  -1.8635792e+00   6.1951394e-02
  -1.9208389e+00  -3.8102175e+00
  -1.9784972e+00  -5.2290840e+00
  -2.0361418e+00  -1.8789206e+00
  -2.0933938e+00  -3.7971605e+00
  -2.1499205e+00   1.8420752e+00
  -2.2054473e+00  -4.4944833e+00
  -2.2597662e+00  -1.3227895e+00
  -2.3127405e+00  -6.2201619e-01
  -2.3650155e+00  -3.5841870e+00
  -2.4160858e+00  -1.4235735e+00
  -2.4660652e+00  -4.5862003e+00
  -2.5151282e+00  -1.4866440e+00
  -2.5634969e+00  -1.7939709e+00
  -2.6114271e+00  -3.0569372e+00
  -2.6591913e+00  -2.7132079e+00
  -2.7074165e+00  -3.9719945e+00
  -2.7561029e+00  -2.4244097e+00
  -2.8054966e+00  -2.5716173e+00
  -2.8558011e+00  -7.9189155e-01
  -2.9071668e+00  -2.3344677e+00
  -2.9596827e+00  -5.5741731e+00
  -3.0130974e+00  -1.6174861e+00
  -3.0677050e+00  -7.2515912e+00
  -3.1233818e+00  -1.3497114e+00
  -3.1799454e+00  -1.4223276e+00
  -3.2371613e+00  -5.2988946e+00
  -3.2947517e+00  -2.9426463e+00
  -3.3507581e+00  -5.0209862e+00
  -3.4068792e+00   6.8380329e-01
  -3.4626922e+00  -4.6930423e+00
  -3.5177889e+00  -1.1514469e+00
  -3.5717837e+00  -5.5961254e+00
  -3.6243215e+00  -5.8975586e+00
  -3.6750839e+00   4.5744837e-01
  -3.7262737e+00  -5.1156969e+00
  -3.7758657e+00  -1.0185257e+00
  -3.8238226e+00  -6.7035365e+00
  -3.8701746e+00  -5.5470019e+00
  -3.9150169e+00  -2.5808707e+00
  -3.9585071e+00  -4.8809055e+00
  -4.0008593e+00  -2.2002034e+00
  -4.0423369e+00  -3.9873359e+00
  -4.0832434e+00  -1.1086443e+00
  -4.1239114e+00  -5.5367374e+00
  -4.1661075e+00  -7.0328140e+00
  -4.2091607e+00  -2.3231365e+00
  -4.2534990e+00  -4.2419499e+00
  -4.2995375e+00  -4.4051930e-01
  -4.3497898e+00  -7.4863514e+00
  -4.4027917e+00  -2.2850760e+00
  -4.4593027e+00  -2.1879449e+00
  -4.5185843e+00  -3.8296155e+00
  -4.5833576e+00  -9.8379995e-01
  -4.6530408e+00  -5.3038277e+00
  -4.7292395e+00  -4.3523057e+00
  -4.8110578e+00  -4.2537726e+00
  -4.8986450e+00  -6.5337422e+00
  -4.9917399e+00  -2.8327606e+00
  -5.0899249e+00  -4.7082957e+00
  -5.1931165e+00  -1.3519057e+00
  -5.3018381e+00  -8.5309150e+00
  -5.4158385e+00  -5.9289751e+00
  -5.5347983e+00  -5.2958925e+00
  -5.6583292e+00  -7.3708727e+00
  -5.7859725e+00  -5.1352382e+00
  -5.9161357e+00  -9.0167897e+00
  -6.0487132e+00  -5.3968984e+00
  -6.1829578e+00  -5.9511835e+00
  -6.3183091e+00  -3.8702429e+00
  -6.4517394e+00  -3.7501015e+00
  -6.5838272e+00  -6.4363033e+00
  -6.7134421e+00  -2.7234823e+00
  -6.8394087e+00  -6.4159858e+00
  -6.9605262e+00  -5.7889555e+00
  -7.0755918e+00  -9.0597772e+00
  -7.1834273e+00  -9.8663591e+00
  -7.2818435e+00  -7.9626706e+00
  -7.3705645e+00  -1.0903048e+01
  -7.4485927e+00  -6.4605891e+00
  -7.5132882e+00  -9.1490244e+00
  -7.5652174e+00  -6.3794302e+00
  -7.6037356e+00  -6.6570216e+00
  -7.6283759e+00  -1.0663014e+01
  -7.6388621e+00  -4.9379469e+00
  -7.6351150e+00  -1.1226485e+01
  -7.6153324e+00  -6.3480254e+00
  -7.5754663e+00  -1.0397240e+01
  -7.5207903e+00  -5.8236234e+00
  -7.4514949e+00  -8.9449166e+00
  -7.3678855e+00  -7.5380096e+00
  -7.2703615e+00  -6.4025715e+00
  -7.1593966e+00  -9.2193930e+00
  -7.0355197e+00  -3.6734787e+00
  -6.8993005e+00  -7.5508753e+00
  -6.7513373e+00  -9.1514835e+00
  -6.5911520e+00  -6.0476592e+00
  -6.4207390e+00  -8.9011938e+00
  -6.2407080e+00  -3.7459686e+00
  -6.0517067e+00  -8.6678739e+00
  -5.8527826e+00  -6.9358132e+00
  -5.6463656e+00  -7.3846375e+00
  -5.4334551e+00  -5.8391841e+00
  -5.2191197e+00  -5.3839370e+00
  -5.0003781e+00  -8.8250870e+00
  -4.7795207e+00  -1.7760464e+00
  -4.5568202e+00  -3.0907026e+00
  -4.3351372e+00  -3.9050189e+00
  -4.1160444e+00  -6.0233164e+00
  -3.9014936e+00  -4.7561409e+00
  -3.6934447e+00  -1.5388859e+00
  -3.4930151e+00  -7.5968119e+00
  -3.3020114e+00  -2.0692805e+00
  -3.1221723e+00  -7.3305156e-01
  -2.9551200e+00  -2.3264873e+00
  -2.8023116e+00   7.9402002e-01
  -2.6649943e+00   1.6937477e+00
  -2.5449889e+00   9.7423457e+00
  -2.4419946e+00  -2.5888328e+00
  -2.3567347e+00  -1.7294907e+00
  -2.2889936e+00   7.6358540e-01
  -2.2402280e+00  -2.6741700e+00
  -2.2078959e+00   3.5241188e-01
  -2.1937479e+00  -5.9683505e+00
  -2.1949795e+00   1.6593098e+00
  -2.2104869e+00  -3.8073782e-01
  -2.2389923e+00  -3.3697836e-01
  -2.2790943e+00   5.9592530e-01
  -2.3301439e+00  -4.7559704e+00
  -2.3903403e+00  -1.1275740e+00
  -2.4577439e+00  -2.4828940e+00
  -2.5324033e+00   1.2547729e-01
  -2.6114034e+00  -1.0198482e+00
  -2.6937159e+00  -5.5220357e+00
  -2.7784471e+00  -3.2789546e+00
  -2.8648462e+00  -6.5384067e+00
  -2.9523062e+00   5.9655002e-01
  -3.0403558e+00  -3.6359853e+00
  -3.1338620e+00  -4.7659146e+00
  -3.2261429e+00  -2.5880220e+00
  -3.3172778e+00  -7.2010808e+00
  -3.4062906e+00   3.7830453e-01
  -3.4940243e+00  -3.9730611e+00
  -3.5804595e+00  -4.8027986e+00
  -3.6655234e+00  -1.5918084e+00
  -3.7515596e+00  -5.1139752e+00
  -3.8365704e+00  -3.3728113e+00
  -3.9204316e+00  -4.9448800e+00
  -4.0029769e+00  -3.3321492e+00
  -4.0840075e+00  -3.4355441e+00
  -4.1633055e+00  -2.3833674e+00
  -4.2406491e+00  -4.2031738e+00
  -4.3161031e+00  -4.6212361e+00
  -4.3891464e+00  -1.1913379e+00
  -4.4563551e+00  -6.0448118e+00
  -4.5217120e+00  -2.8736851e+00
  -4.5850342e+00  -6.6674580e+00
  -4.6462253e+00  -4.0128863e+00
  -4.7052707e+00  -1.6538311e+00
  -4.7622284e+00  -9.3764690e+00
  -4.8172163e+00  -5.2795836e+00
  -4.8703973e+00  -8.0241810e+00
  -4.9219611e+00  -5.1190178e+00
  -4.9721079e+00  -5.4923650e+00
  -5.0210299e+00  -6.8772417e+00
  -5.0688970e+00  -5.8462284e+00
  -5.1158429e+00  -6.3795247e+00
  -5.1626651e+00  -4.2209812e+00
  -5.2088886e+00  -6.8403228e+00
  -5.2545405e+00  -3.0774481e+00
  -5.2992481e+00  -3.4819710e+00
  -5.3432090e+00  -8.4624256e+00
  -5.3863108e+00  -2.3841134e+00
  -5.4234547e+00  -7.7825193e+00
  -5.4561497e+00  -4.9556164e+00
  -5.4863076e+00  -3.4838285e+00
  -5.5133419e+00  -8.0118550e+00
  -5.5366561e+00  -6.5350984e+00
  -5.5556523e+00  -9.3713811e+00
  -5.5697384e+00  -3.5205498e+00
  -5.5777882e+00  -5.2084661e+00
  -5.5799252e+00  -5.8206558e+00
  -5.5756032e+00  -7.0729216e+00
  -5.5643254e+00  -6.3631434e+00
  -5.5456567e+00  -4.5075519e+00
  -5.5192359e+00  -8.8274668e+00
  -5.4847905e+00  -2.7725978e+00
  -5.4421504e+00  -4.8978259e+00
  -5.3912622e+00  -7.4708082e+00
  -5.3322015e+00  -4.2779385e+00
  -5.2651834e+00  -4.8782923e+00
  -5.1905695e+00  -3.2895727e+00
  -5.1096943e+00  -5.1057438e+00
  -5.0221991e+00  -3.1699182e+00
  -4.9289194e+00  -7.1982475e+00
  -4.8308076e+00  -7.1702571e+00
  -4.7269922e+00  -2.8403777e+00
  -4.6209684e+00  -6.2097775e+00
  -4.5138148e+00  -2.8233156e+00
  -4.4066417e+00  -6.3039735e+00
  -4.3005566e+00  -6.1152823e+00
  -4.1966306e+00  -2.6526097e+00
  -4.0958664e+00  -6.1728966e+00
  -3.9991697e+00   5.2411034e+00
  -3.9090980e+00  -4.0330718e+00
  -3.8250185e+00  -3.3968680e+00
  -3.7475374e+00  -3.6520027e+00
  -3.6771217e+00  -4.3743070e+00
  -3.6141008e+00  -3.4745800e+00
  -3.5586734e+00  -7.0146836e+00
  -3.5109176e+00  -2.8560672e-01
  -3.4708047e+00  -6.6600619e+00
  -3.4382146e+00  -3.0795742e+00
  -3.4129507e+00  -2.4121391e+00
  -3.3947559e+00  -4.6501883e+00
  -3.3833253e+00   4.0939077e-01
  -3.3783185e+00  -6.6186577e+00
  -3.3793675e+00  -1.9281567e+00
  -3.3855350e+00  -5.9904679e+00
  -3.3970929e+00  -1.9499160e+00
  -3.4135951e+00  -1.8898161e+00
  -3.4348611e+00  -4.1570128e+00
  -3.4600869e+00   8.2483699e-01
  -3.4888099e+00  -3.7386028e+00
  -3.5243987e+00  -1.8096036e+00
  -3.5616255e+00  -2.0784403e+00
  -3.6001783e+00   5.2028604e+00
  -3.6397071e+00  -4.0674062e+00
  -3.6865664e+00   7.1107729e-01
  -3.7354960e+00  -3.9224071e+00
  -3.7865033e+00  -7.7484189e+00
  -3.8396588e+00  -4.6119605e+00
  -3.8951069e+00  -2.5811817e+00
  -3.9530730e+00  -7.2442545e+00
  -4.0138664e+00  -9.6673469e-01
  -4.0778774e+00  -4.9878027e+00
  -4.1455685e+00  -2.4010131e+00
  -4.2174596e+00  -5.7928956e+00
  -4.2941081e+00  -4.5078078e+00
  -4.3760820e+00  -3.1105163e+00
  -4.4639308e+00  -6.6252572e+00
  -4.5581520e+00  -2.4039724e-01
  -4.6591575e+00  -5.9755472e+00
  -4.7672400e+00  -2.0924840e+00
  -4.8825425e+00  -3.7581546e+00
  -5.0050329e+00  -7.1923224e+00
  -5.1344847e+00  -2.1134371e+00
  -5.2697568e+00   1.2632531e+00
  -5.4107214e+00  -1.0368168e+00
  -5.5564958e+00  -4.8783381e+00
  -5.7060083e+00  -5.9735591e+00
  -5.8580254e+00  -6.3599289e+00
  -6.0111855e+00  -5.2372488e+00
  -6.1640401e+00  -3.4847219e+00
  -6.3150993e+00  -7.0823887e+00
  -6.4615061e+00  -3.1292637e+00
  -6.6035220e+00  -7.4143490e+00
  -6.7397471e+00  -7.1926358e+00
  -6.8689304e+00  -3.6593617e+00
  -6.9900015e+00  -4.4706945e-01
  -7.1020946e+00  -5.8625166e+00
  -7.2045640e+00  -9.3970249e+00
  -7.2969904e+00  -6.3421527e+00
  -7.3791787e+00  -6.8631305e+00
  -7.4518568e+00  -8.8513331e+00
  -7.5147286e+00  -5.2233955e+00
  -7.5682275e+00  -8.7032379e+00
  -7.6129408e+00  -6.3918864e+00
  -7.6495797e+00  -2.1133752e+00
  -7.6789494e+00  -6.1984423e+00
  -7.7019179e+00  -7.4713012e+00
  -7.7193867e+00  -9.2746298e+00
  -7.7322634e+00  -5.0348152e+00
  -7.7414375e+00  -1.0522743e+01
  -7.7477583e+00  -8.8307827e+00
  -7.7520181e+00  -1.0014112e+01
  -7.7549378e+00  -9.7910254e+00
  -7.7571565e+00  -5.2254111e+00
  -7.7592246e+00  -1.1447300e+01
  -7.7563828e+00  -7.6663588e+00
  -7.7554283e+00  -7.4188044e+00
  -7.7563828e+00  -8.3566838e+00
  -7.7592246e+00  -8.6899912e+00
  -7.7638896e+00  -9.0718550e+00
  -7.7702732e+00  -7.8940233e+00
  -7.7782346e+00  -8.4697497e+00
  -7.7876015e+00  -6.6024385e+00
  -7.7974672e+00  -8.2116526e+00
  -7.8081270e+00  -7.7684650e+00
  -7.8193096e+00  -7.9596752e+00
  -7.8307332e+00  -1.0811729e+01
  -7.8421129e+00  -3.5465887e+00
  -7.8531677e+00  -9.7642355e+00
  -7.8636267e+00  -6.5215972e+00
  -7.8732354e+00  -9.6626665e+00
  -7.8817608e+00  -6.9692123e+00
  -7.8889959e+00  -4.5142802e+00
  -7.8947636e+00  -1.1931073e+01
  -7.8994684e+00  -8.1370555e+00
  -7.9023231e+00  -1.0169057e+01
  -7.9032800e+00  -9.8513261e+00
  -7.9023231e+00  -7.6665396e+00
  -7.8998227e+00  -7.0590007e+00
  -7.8955707e+00  -5.6572293e+00
  -7.8896670e+00  -1.0116288e+01
  -7.8879135e+00  -6.4429411e+00
  -7.8863760e+00  -6.3696862e+00
  -7.8855875e+00  -6.3914746e+00
  -7.8861518e+00  -4.6872899e+00
  -7.8887376e+00  -2.8505215e+00
  -7.8940707e+00  -7.9559134e+00
  -7.9029223e+00  -1.1065881e+01
  -7.9160937e+00  -7.6888082e+00
  -7.9343984e+00  -5.5537322e+00
  -7.9586404e+00  -1.1255653e+01
  -7.9890408e+00  -6.9186871e+00
  -8.0269875e+00  -8.9452283e+00
  -8.0730773e+00  -7.2162022e+00
  -8.1277973e+00  -8.2852174e+00
  -8.1914978e+00  -9.1570083e+00
  -8.2643685e+00  -7.1415631e+00
  -8.3457092e+00  -8.3692463e+00
  -8.4337190e+00  -6.2397848e+00
  -8.5294997e+00  -1.1554633e+01
  -8.6322773e+00  -5.0334633e+00
  -8.7385755e+00  -8.2125667e+00
  -8.8489846e+00  -8.4509146e+00
  -8.9619707e+00  -9.7819199e+00
  -9.0758309e+00  -1.2625780e+01
  -9.1887332e+00  -6.1273925e+00
  -9.2977014e+00  -9.5338726e+00
  -9.4015611e+00  -7.4584062e+00
  -9.4983316e+00  -1.1163313e+01
  -9.5861059e+00  -9.4779115e+00
  -9.6631055e+00  -5.7847340e+00
  -9.7263152e+00  -1.1473653e+01
  -9.7753883e+00  -5.6342483e+00
  -9.8091354e+00  -1.1485125e+01
  -9.8272028e+00  -8.6447000e+00
  -9.8283192e+00  -9.6012233e+00
  -9.8097580e+00  -1.3358718e+01
  -9.7733848e+00  -5.4639372e+00
  -9.7194358e+00  -1.1091415e+01
  -9.6484243e+00  -7.6963524e+00
  -9.5611182e+00  -1.0323665e+01
  -9.4585100e+00  -1.1112112e+01
  -9.3417839e+00  -7.2911258e+00
  -9.2122791e+00  -1.0241829e+01
  -9.0714513e+00  -8.1616853e+00
  -8.9208357e+00  -1.1120226e+01
  -8.7598840e+00  -6.3762840e+00
  -8.5917200e+00  -7.0517360e+00
  -8.4177822e+00  -7.7328299e+00
  -8.2391714e+00  -8.1440730e+00
  -8.0575183e+00  -1.2159423e+01
  -7.8740044e+00  -7.1601359e+00
  -7.6853129e+00  -9.4048113e+00
  -7.4953483e+00  -1.0461696e+01
  -7.3065508e+00  -4.5732615e+00
  -7.1193513e+00  -7.4317208e+00
  -6.9340955e+00  -6.9999368e+00
  -6.7510500e+00  -1.1586274e+01
  -6.5704091e+00  -3.6717069e+00
  -6.3923053e+00  -5.3958627e+00
  -6.2168196e+00  -7.2346327e+00
  -6.0439938e+00  -4.4518978e+00
  -5.8738425e+00  -7.0922766e+00
  -5.7063659e+00  -4.7114239e+00
  -5.5429795e+00  -7.3779877e+00
  -5.3826664e+00  -6.6764342e+00
  -5.2255397e+00  -4.7026822e+00
  -5.0717534e+00  -4.7471971e+00
  -4.9220589e+00  -4.1327303e+00
  -4.7776816e+00  -6.1943753e+00
  -4.6369259e+00  -3.7636295e+00
  -4.5002549e+00  -4.2974499e+00
  -4.3707920e+00  -5.0084467e+00
  -4.2461705e+00  -4.7211855e+00
  -4.1270543e+00  -6.3873291e+00
  -4.0140970e+00  -3.4466096e+00
  -3.9079285e+00  -4.3020676e+00
  -3.8099631e+00  -2.8617214e+00
  -3.7197196e+00  -2.2817230e+00
  -3.6376989e+00  -5.3535270e+00
  -3.5643056e+00  -1.5317555e+00
  -3.4998336e+00  -5.6947588e+00
  -3.4455539e+00   3.9399086e-01
  -3.4001554e+00  -6.8508054e+00
  -3.3636013e+00  -5.2568858e+00
  -3.3357127e+00  -2.6808850e+00
  -3.3161751e+00  -4.0812121e+00
  -3.3064706e+00  -2.9721176e+00
  -3.3036784e+00  -3.3549830e+00
  -3.3072463e+00  -2.8615675e+00
  -3.3165324e+00  -1.7564115e+00
  -3.3308278e+00  -2.2682811e+00
  -3.3493807e+00  -2.5379208e+00
  -3.3714204e+00   1.9860981e-01
  -3.3961789e+00   7.5322180e-01
  -3.4229115e+00  -3.3628929e+00
  -3.4509142e+00  -4.7303193e+00
  -3.4811862e+00  -5.1717754e+00
  -3.5111138e+00  -4.9628239e+00
  -3.5402687e+00  -2.1115428e+00
  -3.5686413e+00  -3.3839522e+00
  -3.5956796e+00  -3.7662053e+00
  -3.6211770e+00  -4.2958049e+00
  -3.6449956e+00  -3.8207730e+00
  -3.6689846e+00  -3.1178525e+00
  -3.6907597e+00  -4.1167082e+00
  -3.7104509e+00  -3.4089246e+00
  -3.7282157e+00  -6.1674025e+00
  -3.7442321e+00  -8.9088467e-01
  -3.7594013e+00  -5.1019806e+00
  -3.7734114e+00  -6.7077375e+00
  -3.7865068e+00  -3.3948216e+00
  -3.7989335e+00  -5.3109309e+00
  -3.8109338e+00  -1.2484380e+00
  -3.8227415e+00  -2.5950681e+00
  -3.8334788e+00  -3.4337684e+00
  -3.8443493e+00  -4.7606843e+00
  -3.8557390e+00  -5.2195883e+00
  -3.8677425e+00  -4.0887513e+00
  -3.8804334e+00  -6.2386921e+00
  -3.8938613e+00  -2.7522205e+00
  -3.9037971e+00  -6.1718516e+00
  -3.9133084e+00  -5.6241801e+00
  -3.9215542e+00  -4.1791416e+00
  -3.9288554e+00  -5.7157135e+00
  -3.9347664e+00  -3.5807694e+00
  -3.9387879e+00  -7.2985447e+00
  -3.9386015e+00  -3.9538847e+00
  -3.9349035e+00  -3.7767138e+00
  -3.9269779e+00  -5.5854338e+00
  -3.9140859e+00  -4.1418602e+00
  -3.8954839e+00  -3.4322549e+00
  -3.8704463e+00  -3.4042861e+00
  -3.8382889e+00  -5.2195345e+00
  -3.7983950e+00  -4.0054966e+00
  -3.7488238e+00  -4.0897429e+00
  -3.6901949e+00  -4.6681203e+00
  -3.6221597e+00  -6.8006912e-01
  -3.5445196e+00  -6.4787216e+00
  -3.4572422e+00  -6.6587062e-01
  -3.3604715e+00  -2.6820231e+00
  -3.2545334e+00  -2.6514668e+00
  -3.1413519e+00  -1.9832111e+00
  -3.0205827e+00  -4.7008986e+00
  -2.8931508e+00  -3.4480012e-01
  -2.7601335e+00  -2.1079201e+00
  -2.6227358e+00  -2.9658632e+00
  -2.4822617e+00  -1.3334674e+00
  -2.3400827e+00  -1.5025388e+00
  -2.1976035e+00  -2.6917718e+00
  -2.0562282e+00  -4.5121304e+00
  -1.9170522e+00  -3.9089536e-01
  -1.7817178e+00  -4.1613684e+00
  -1.6514213e+00  -1.8904136e+00
  -1.5272413e+00   1.7620853e+00
  -1.4101188e+00  -2.4899566e+00
  -1.3008406e+00   2.4234369e+00
  -1.2000283e+00  -9.1690091e-01
  -1.1113219e+00  -1.0351400e+00
  -1.0326960e+00  -9.2451490e-01
  -9.6390502e-01  -3.4579040e+00
  -9.0579567e-01  -7.0061618e-01
  -8.5838773e-01  -4.2058858e+00
  -8.2159514e-01  -5.3980399e-01
  -7.9523925e-01  -5.0387603e+00
  -7.7906228e-01  -2.4068106e+00
  -7.7274039e-01  -1.5642388e-01
  -7.7617031e-01  -2.3849280e+00
  -7.9319868e-01  -4.1139123e-01
  -8.2005390e-01  -4.0076609e+00
  -8.5654087e-01  -2.4218325e-02
  -9.0247623e-01  -2.4016249e+00
  -9.6098503e-01  -1.9878351e+00
  -1.0278457e+00   8.0176659e-02
  -1.1030636e+00  -4.6933211e+00
  -1.1866137e+00  -6.1896055e-01
  -1.2784320e+00   7.6558697e+00
  -1.3784065e+00  -2.4402637e-02
  -1.4877392e+00  -4.4976377e+00
  -1.6044965e+00  -4.7451966e+00
  -1.7284233e+00  -1.8910878e+00
  -1.8591629e+00  -3.6392189e+00
  -1.9962516e+00  -6.8378418e-01
  -2.1391153e+00  -3.5125421e+00
  -2.2870701e+00   5.6755331e+00
  -2.4393264e+00   7.8802782e-01
  -2.5971581e+00  -1.8355990e+00
  -2.7574696e+00   1.1916928e+00
  -2.9193348e+00  -4.8189779e+00
  -3.0817762e+00   5.7423696e-01
  -3.2452051e+00  -2.2302038e+00
  -3.4075870e+00  -1.9587027e+00
  -3.5680181e+00  -1.8483553e+00
  -3.7245537e+00  -4.0938603e+00
  -3.8777817e+00  -2.4309076e+00
  -4.0269830e+00  -4.9516054e+00
  -4.1715630e+00  -3.2708601e+00
  -4.3110618e+00  -4.1870485e+00
  -4.4451580e+00  -7.6815841e+00
  -4.5736669e+00  -1.7176511e+00
  -4.6965338e+00  -6.5358269e+00
  -4.8138206e+00  -1.1331800e+00
  -4.9285246e+00  -6.7160720e+00
  -5.0388396e+00  -3.2844168e+00
  -5.1452366e+00  -6.0043992e+00
  -5.2482438e+00  -4.5756894e+00
  -5.3484226e+00  -8.6601904e-01
  -5.4463446e+00  -7.1814217e+00
  -5.5425700e+00  -4.5917192e+00
  -5.6351565e+00   1.2285826e+00
  -5.7276328e+00  -5.0244645e+00
  -5.8203007e+00  -6.6131031e+00
  -5.9134119e+00   1.9274927e+00
  -6.0071589e+00  -4.6127555e+00
  -6.1020226e+00  -6.1077586e+00
  -6.1978040e+00  -7.4613829e+00
  -6.2945108e+00  -4.7380215e+00
  -6.3920830e+00  -7.5243964e+00
  -6.4903958e+00  -3.6346723e+00
  -6.5856928e+00  -7.4148299e+00
  -6.6821318e+00  -5.1115873e+00
  -6.7792458e+00  -9.3317198e+00
  -6.8808061e+00  -5.8592926e+00
  -6.9832489e+00  -6.6000900e+00
  -7.0863357e+00  -1.1380372e+01
  -7.1898639e+00  -3.4924361e+00
  -7.2936736e+00  -7.1980395e+00
  -7.3976525e+00  -8.4306191e+00
  -7.5017397e+00  -6.5083790e+00
  -7.6059279e+00  -7.9524380e-01
  -7.7145145e+00  -5.5537604e+00
  -7.8245215e+00  -1.0552417e+01
  -7.9363433e+00  -6.8848383e+00
  -8.0504418e+00  -9.0001058e+00
  -8.1673323e+00  -6.4271637e+00
  -8.2875648e+00  -9.1681019e+00
  -8.4099301e+00  -8.0516814e+00
  -8.5354334e+00  -7.0772363e+00
  -8.6654912e+00  -1.0306250e+01
  -8.8003794e+00  -7.1288080e+00
  -8.9402688e+00  -7.0045402e+00
  -9.0841000e+00  -7.3283124e+00
  -9.2331135e+00  -9.9083060e+00
  -9.3869731e+00  -1.1673449e+01
  -9.5451739e+00  -6.8451581e+00
  -9.7070400e+00  -1.2811519e+01
  -9.8717296e+00  -1.0780225e+01
  -1.0038250e+01  -9.0612427e+00
  -1.0205478e+01  -1.1105335e+01
  -1.0369354e+01  -8.4164226e+00
  -1.0530636e+01  -1.4849834e+01
  -1.0687831e+01  -8.5742705e+00
  -1.0832348e+01  -1.1130318e+01
  -1.0965634e+01  -1.1393096e+01
  -1.1088559e+01  -1.0457504e+01
  -1.1199228e+01  -1.1786631e+01
  -1.1295843e+01  -9.4201686e+00
  -1.1376743e+01  -1.1984578e+01
  -1.1440425e+01  -1.0746462e+01
  -1.1485572e+01  -1.2181716e+01
  -1.1511078e+01  -1.1405787e+01
  -1.1516068e+01  -1.0837943e+01
  -1.1499915e+01  -1.2270311e+01
  -1.1462254e+01  -1.1568929e+01
  -1.1402999e+01  -1.2602201e+01
  -1.1322076e+01  -1.0612445e+01
  -1.1220317e+01  -1.1887327e+01
  -1.1098500e+01  -1.2106081e+01
  -1.0957698e+01  -9.7160917e+00
  -1.0794662e+01  -1.4270367e+01
  -1.0614352e+01  -8.5403037e+00
  -1.0418370e+01  -1.1591750e+01
  -1.0208493e+01  -9.1598704e+00
  -9.9833485e+00  -8.3193575e+00
  -9.7490196e+00  -1.0515195e+01
  -9.5074208e+00  -9.0346342e+00
  -9.2604986e+00  -1.0364937e+01
  -9.0101807e+00  -6.7350252e+00
  -8.7583261e+00  -1.0551974e+01
  -8.5066814e+00  -1.0528913e+01
  -8.2568434e+00  -7.8316887e+00
  -8.0069361e+00  -7.5335309e+00
  -7.7622449e+00  -4.1221155e+00
  -7.5236299e+00  -9.5094507e+00
  -7.2921324e+00  -8.6658750e+00
  -7.0680189e+00  -6.5791108e+00
  -6.8516856e+00  -1.0229701e+01
  -6.6447797e+00  -5.6740415e+00
  -6.4457865e+00  -9.3044885e+00
  -6.2548818e+00  -4.0363333e+00
  -6.0721869e+00  -5.2339595e+00
  -5.8977932e+00  -4.3691094e+00
  -5.7317809e+00  -4.6372254e+00
  -5.5784851e+00  -7.9663382e+00
  -5.4349249e+00  -4.4817432e+00
  -5.3014593e+00  -8.9040374e+00
  -5.1784863e+00  -2.8094775e+00
  -5.0664329e+00  -2.6826380e+00
  -4.9657394e+00   4.1495311e+00
  -4.8768403e+00  -4.6187489e+00
  -4.8023405e+00  -6.6220656e+00
  -4.7398914e+00  -1.9193797e+00
  -4.6898892e+00  -7.7767093e+00
  -4.6581144e+00  -4.5967969e+00
  -4.6379614e+00  -1.5140753e+00
  -4.6297251e+00  -5.8244625e+00
  -4.6335097e+00  -4.7207816e+00
  -4.6492281e+00  -5.8407861e+00
  -4.6766050e+00  -4.1060308e+00
  -4.7151841e+00  -6.1571416e+00
  -4.7643376e+00  -7.5824727e+00
  -4.8232798e+00  -3.0099128e+00
  -4.8910827e+00   2.3588314e+00
  -4.9666959e+00  -5.0811258e+00
  -5.0574730e+00  -7.6809837e+00
  -5.1560430e+00  -2.8546007e+00
  -5.2616463e+00  -6.3743943e+00
  -5.3735738e+00  -6.8098998e+00
  -5.4911946e+00  -2.8730365e+00
  -5.6139798e+00  -6.0403704e+00
  -5.7450909e+00  -6.5079463e+00
  -5.8798512e+00  -5.9983027e+00
  -6.0182940e+00  -4.7597932e+00
  -6.1605542e+00  -7.1863072e+00
  -6.3068582e+00  -6.9929050e+00
  -6.4575047e+00  -4.9065037e+00
  -6.6128368e+00  -7.4646363e+00
  -6.7732078e+00  -8.0596666e+00
  -6.9389420e+00  -4.3930677e+00
  -7.1102924e+00  -9.4525555e+00
  -7.2873995e+00  -4.5199017e+00
  -7.4702530e+00  -9.8934457e+00
  -7.6586591e+00  -4.5884316e+00
  -7.8522175e+00  -8.8087436e+00
  -8.0503074e+00  -7.3699865e+00
  -8.2571282e+00  -9.7817064e+00
  -8.4681263e+00  -1.0324558e+01
  -8.6823732e+00  -8.9351190e+00
  -8.8988349e+00  -9.6620708e+00
  -9.1164146e+00  -1.0207051e+01
  -9.3339993e+00  -1.2032601e+01
  -9.5505078e+00  -1.0373687e+01
  -9.7649361e+00  -9.9768682e+00
  -9.9763978e+00  -1.3330256e+01
  -1.0180861e+01  -7.4090441e+00
  -1.0381822e+01  -1.2059933e+01
  -1.0585115e+01  -1.0787453e+01
  -1.0785794e+01  -1.0987582e+01
  -1.0984098e+01  -1.2699232e+01
  -1.1180479e+01  -7.0690849e+00
  -1.1375569e+01  -1.4567423e+01
  -1.1570130e+01  -1.1578843e+01
  -1.1765008e+01  -1.0457264e+01
  -1.1961081e+01  -1.1469323e+01
  -1.2159203e+01  -8.5268230e+00
  -1.2360154e+01  -1.6218296e+01
  -1.2569207e+01  -1.0289545e+01
  -1.2783546e+01  -1.2407012e+01
  -1.3003777e+01  -1.4381187e+01
  -1.3230342e+01  -1.4218633e+01
  -1.3463504e+01  -1.6727801e+01
  -1.3704403e+01  -1.3974158e+01
  -1.3952169e+01  -1.4483310e+01
  -1.4204456e+01  -1.3125323e+01
  -1.4462427e+01  -1.6776552e+01
  -1.4718840e+01  -1.3500157e+01
  -1.4981024e+01  -1.3312432e+01
  -1.5247730e+01  -1.4460508e+01
  -1.5517651e+01  -1.4151085e+01
  -1.5789428e+01  -1.7214600e+01
  -1.6061669e+01  -1.4264559e+01
  -1.6332955e+01  -1.5176297e+01
  -1.6601857e+01  -1.5655600e+01
  -1.6866950e+01  -1.6360598e+01
  -1.7126829e+01  -1.8667858e+01
  -1.7380128e+01  -1.6005518e+01
  -1.7625536e+01  -2.0670304e+01
  -1.7861823e+01  -1.4782852e+01
  -1.8087853e+01  -1.8630263e+01
  -1.8302609e+01  -1.9693978e+01
  -1.8505211e+01  -1.5115108e+01
  -1.8694932e+01  -1.9531770e+01
  -1.8871211e+01  -1.8666040e+01
  -1.9032605e+01  -1.3035810e+01
  -1.9179683e+01  -1.8171750e+01
  -1.9311661e+01  -2.0341646e+01
  -1.9423257e+01  -2.0035416e+01
  -1.9521048e+01  -1.8945435e+01
  -1.9605093e+01  -2.1619208e+01
  -1.9675951e+01  -1.9307386e+01
  -1.9733699e+01  -2.2064209e+01
  -1.9778790e+01  -2.1806333e+01
  -1.9811755e+01  -1.5812728e+01
  -1.9833184e+01  -2.3434446e+01
  -1.9843699e+01  -1.6554782e+01
  -1.9843945e+01  -2.1162478e+01
  -1.9834571e+01  -1.7231687e+01
  -1.9811284e+01  -1.0267367e+01
  -1.9780820e+01  -2.0411949e+01
  -1.9743579e+01  -1.9195377e+01
  -1.9700001e+01  -1.9606839e+01
  -1.9650566e+01  -9.8506693e+00
  -1.9595796e+01  -2.0882437e+01
  -1.9536254e+01  -2.1316894e+01
  -1.9472550e+01  -1.7652929e+01
  -1.9405335e+01  -2.3239640e+01
  -1.9335300e+01  -1.5591711e+01
  -1.9259597e+01  -1.8987682e+01
  -1.9183376e+01  -1.7509760e+01
  -1.9107221e+01  -1.9841727e+01
  -1.9031747e+01  -1.9151960e+01
  -1.8957575e+01  -1.8818908e+01
  -1.8884490e+01  -1.9526261e+01
  -1.8814086e+01  -1.6601578e+01
  -1.8748497e+01  -2.0462976e+01
  -1.8686121e+01  -9.4745502e+00
  -1.8627394e+01  -1.9665645e+01
  -1.8572657e+01  -2.2280753e+01
  -1.8522148e+01  -1.8444098e+01
  -1.8476010e+01  -1.8350330e+01
  -1.8434288e+01  -1.6698929e+01
  -1.8396939e+01  -2.0957280e+01
  -1.8363841e+01  -2.0964714e+01
  -1.8334806e+01  -1.4744007e+01
  -1.8309593e+01  -1.8344002e+01
  -1.8287921e+01  -1.4224255e+01
  -1.8269481e+01  -1.8434042e+01
  -1.8253951e+01  -1.8083398e+01
  -1.8241004e+01  -1.7576817e+01
  -1.8230321e+01  -1.9601433e+01
  -1.8221596e+01  -1.6087543e+01
  -1.8214543e+01  -2.2476589e+01
  -1.8208900e+01  -1.5075887e+01
  -1.8204433e+01  -1.6965733e+01
  -1.8201755e+01  -1.7945416e+01
  -1.8199672e+01  -1.7708481e+01
  -1.8198617e+01  -2.2046574e+01
  -1.8199190e+01  -1.4824278e+01
  -1.8201060e+01  -1.0456475e+01
  -1.8203225e+01  -1.8553457e+01
  -1.8205516e+01  -1.7558218e+01
  -1.8208385e+01  -1.8719025e+01
  -1.8211942e+01  -1.5517326e+01
  -1.8216308e+01  -2.1068812e+01
  -1.8221614e+01  -1.8030935e+01
  -1.8232606e+01  -1.9696026e+01
  -1.8246097e+01  -1.9452971e+01
  -1.8262512e+01  -1.8468167e+01
  -1.8282310e+01  -1.9002065e+01
  -1.8305978e+01  -1.5415820e+01
  -1.8334026e+01  -2.0669427e+01
  -1.8366975e+01  -1.4547753e+01
  -1.8405343e+01  -1.8492242e+01
  -1.8449629e+01  -2.0409087e+01
  -1.8499945e+01  -1.9145325e+01
  -1.8556960e+01  -1.3041258e+01
  -1.8619927e+01  -1.7952653e+01
  -1.8689839e+01  -1.9507809e+01
  -1.8766739e+01  -1.1248984e+01
  -1.8850534e+01  -2.0756506e+01
  -1.8940978e+01  -2.0931418e+01
  -1.9036600e+01  -1.9423026e+01
  -1.9137600e+01  -2.3528819e+01
  -1.9243180e+01  -1.6215217e+01
  -1.9352386e+01  -1.9374425e+01
  -1.9463055e+01  -1.9906351e+01
  -1.9574734e+01  -2.0321260e+01
  -1.9686048e+01  -2.0743589e+01
  -1.9795556e+01  -2.0018456e+01
  -1.9901790e+01  -1.9737947e+01
  -2.0003298e+01  -2.0202757e+01
  -2.0098686e+01  -1.8516077e+01
  -2.0186658e+01  -1.8406052e+01
  -2.0266058e+01  -2.1007043e+01
  -2.0335904e+01  -2.0399594e+01
  -2.0395414e+01  -1.8669018e+01
  -2.0443676e+01  -2.0131036e+01
  -2.0480625e+01  -1.7485558e+01
  -2.0506159e+01  -2.1355353e+01
  -2.0520411e+01  -2.4173189e+01
  -2.0523735e+01  -1.7928855e+01
  -2.0516691e+01  -2.3614786e+01
  -2.0500014e+01  -1.7507029e+01
  -2.0474591e+01  -2.2980006e+01
  -2.0441421e+01  -2.1292441e+01
  -2.0401586e+01  -1.8981819e+01
  -2.0356212e+01  -2.0421117e+01
  -2.0306439e+01  -1.7232593e+01
  -2.0253389e+01  -2.3521246e+01
  -2.0197039e+01  -1.9620641e+01
  -2.0139749e+01  -1.8916335e+01
  -2.0082386e+01  -2.2129617e+01
  -2.0025725e+01  -1.6961584e+01
  -1.9970438e+01  -2.3086342e+01
  -1.9917092e+01  -1.8366182e+01
  -1.9866147e+01  -1.8810222e+01
  -1.9814385e+01  -1.6909307e+01
  -1.9766464e+01  -2.1006817e+01
  -1.9722375e+01  -2.1254223e+01
  -1.9682057e+01  -1.5545638e+01
  -1.9645405e+01  -2.1599587e+01
  -1.9612279e+01  -1.7098355e+01
  -1.9582508e+01  -1.9289823e+01
  -1.9555899e+01  -2.0580948e+01
  -1.9532246e+01  -1.8261484e+01
  -1.9511607e+01  -2.0660901e+01
  -1.9493424e+01  -1.9966975e+01
  -1.9483276e+01  -2.0739382e+01
  -1.9476362e+01  -1.0567536e+01
  -1.9472824e+01  -1.8295026e+01
  -1.9472852e+01  -2.0078271e+01
  -1.9476679e+01  -1.8434431e+01
  -1.9485404e+01  -2.3068495e+01
  -1.9498332e+01  -1.8006203e+01
  -1.9515855e+01  -2.1512861e+01
  -1.9538384e+01  -1.7605901e+01
  -1.9567160e+01  -1.8376382e+01
  -1.9601577e+01  -2.0092731e+01
  -1.9642054e+01  -1.9717545e+01
  -1.9688962e+01  -2.1504474e+01
  -1.9747559e+01  -1.9680059e+01
  -1.9814467e+01  -1.9906042e+01
  -1.9890082e+01  -1.8796668e+01
  -1.9974719e+01  -2.0068868e+01
  -2.0068589e+01  -1.9579282e+01
  -2.0171799e+01  -2.0329684e+01
  -2.0284332e+01  -2.3231081e+01
  -2.0406327e+01  -1.7772977e+01
  -2.0537181e+01  -2.1223735e+01
  -2.0676524e+01  -2.0368963e+01
  -2.0823864e+01  -1.8773687e+01
  -2.0978596e+01  -2.5372190e+01
  -2.1140017e+01  -1.7367473e+01
  -2.1307333e+01  -2.4364766e+01
  -2.1479674e+01  -2.1155062e+01
  -2.1658590e+01  -2.2060375e+01
  -2.1841308e+01  -2.3773066e+01
  -2.2026959e+01  -1.8476868e+01
  -2.2214676e+01  -2.4931927e+01
  -2.2403597e+01  -2.0260679e+01
  -2.2592880e+01  -2.3709181e+01
  -2.2782069e+01  -2.3558557e+01
  -2.2970130e+01  -2.3501708e+01
  -2.3156354e+01  -2.7182369e+01
  -2.3340439e+01  -2.0624754e+01
  -2.3521531e+01  -2.2518336e+01
  -2.3699117e+01  -2.1248600e+01
  -2.3872752e+01  -2.5594498e+01
  -2.4043125e+01  -2.4724865e+01
  -2.4209161e+01  -2.2816517e+01
  -2.4370686e+01  -2.4864685e+01
  -2.4527597e+01  -2.5323355e+01
  -2.4680561e+01  -2.6478102e+01
  -2.4829081e+01  -2.3052885e+01
  -2.4973262e+01  -2.3760815e+01
  -2.5113246e+01  -2.6159171e+01
  -2.5249202e+01  -2.4459859e+01
  -2.5381315e+01  -2.9068645e+01
  -2.5505929e+01  -2.2326130e+01
  -2.5627963e+01  -2.4236069e+01
  -2.5747393e+01  -2.8628774e+01
  -2.5864202e+01  -2.2245382e+01
  -2.5978370e+01  -2.5723611e+01
  -2.6090576e+01  -2.4156739e+01
  -2.6200262e+01  -2.6151549e+01
  -2.6307406e+01  -2.9501318e+01
  -2.6411971e+01  -2.5071345e+01
  -2.6513906e+01  -2.6031806e+01
  -2.6613147e+01  -2.5787601e+01
  -2.6709620e+01  -2.8159493e+01
  -2.6803246e+01  -2.6069133e+01
  -2.6890093e+01  -2.8511098e+01
  -2.6974818e+01  -2.5887041e+01
  -2.7057153e+01  -2.6821689e+01
  -2.7136868e+01  -2.7977122e+01
  -2.7213771e+01  -2.5235364e+01
  -2.7287707e+01  -2.8067463e+01
  -2.7358554e+01  -2.6601824e+01
  -2.7426574e+01  -2.5536908e+01
  -2.7491451e+01  -3.0664556e+01
  -2.7554586e+01  -2.6338234e+01
  -2.7614970e+01  -3.1978909e+01
  -2.7672725e+01  -2.3958063e+01
  -2.7728007e+01  -2.7216357e+01
  -2.7781004e+01  -2.9396003e+01
  -2.7831928e+01  -2.9059666e+01
  -2.7879093e+01  -3.0192459e+01
  -2.7925121e+01  -2.4598524e+01
  -2.7970184e+01  -3.1397064e+01
  -2.8014474e+01  -2.8305934e+01
  -2.8058200e+01  -2.9774634e+01
  -2.8101569e+01  -2.8544183e+01
  -2.8144511e+01  -2.7919646e+01
  -2.8187554e+01  -3.0151979e+01
  -2.8231204e+01  -2.6107686e+01
  -2.8275051e+01  -2.9588221e+01
  -2.8318830e+01  -2.9585787e+01
  -2.8363106e+01  -2.9244899e+01
  -2.8407844e+01  -2.9070200e+01
  -2.8452137e+01  -2.7536314e+01
  -2.8496864e+01  -3.0732245e+01
  -2.8541798e+01  -2.5300102e+01
  -2.8586677e+01  -3.0858468e+01
  -2.8630653e+01  -2.9179739e+01
  -2.8674079e+01  -2.9526665e+01
  -2.8716592e+01  -3.0497091e+01
  -2.8757823e+01  -2.6485453e+01
  -2.8797417e+01  -2.9510918e+01
  -2.8835035e+01  -2.6523306e+01
  -2.8870372e+01  -2.7418453e+01
  -2.8903870e+01  -2.4076680e+01
  -2.8934797e+01  -2.7927619e+01
  -2.8963033e+01  -2.8608510e+01
  -2.8988519e+01  -2.9078689e+01
  -2.9010712e+01  -3.0770494e+01
  -2.9030360e+01  -2.7988308e+01
  -2.9047570e+01  -3.0494602e+01
  -2.9062508e+01  -2.9424049e+01
  -2.9075392e+01  -2.9907925e+01
  -2.9086482e+01  -2.9839845e+01
  -2.9096069e+01  -2.9063830e+01
  -2.9104464e+01  -3.1721490e+01
  -2.9111985e+01  -2.9378579e+01
  -2.9118947e+01  -3.0524060e+01
  -2.9125648e+01  -2.9730541e+01
  -2.9132361e+01  -2.5604646e+01
  -2.9139327e+01  -2.9588197e+01
  -2.9146745e+01  -3.0602776e+01
  -2.9154770e+01  -2.8214105e+01
  -2.9163233e+01  -3.1785289e+01
  -2.9172531e+01  -2.9722996e+01
  -2.9181564e+01  -2.9435587e+01
  -2.9191640e+01  -2.5768451e+01
  -2.9202627e+01  -3.0099920e+01
  -2.9214367e+01  -2.7393734e+01
  -2.9226686e+01  -2.8381624e+01
  -2.9239401e+01  -2.9345713e+01
  -2.9252323e+01  -2.5858535e+01
  -2.9267040e+01  -3.3559599e+01
  -2.9282093e+01  -2.7225676e+01
  -2.9297428e+01  -3.1320866e+01
  -2.9313022e+01  -3.1226026e+01
  -2.9328888e+01  -2.6898684e+01
  -2.9345077e+01  -3.0478214e+01
  -2.9361677e+01  -2.6479755e+01
  -2.9378536e+01  -3.1070477e+01
  -2.9397206e+01  -2.7224743e+01
  -2.9417629e+01  -2.2309700e+01
  -2.9439368e+01  -2.8942608e+01
  -2.9462709e+01  -2.7771568e+01
  -2.9487937e+01  -3.1298740e+01
  -2.9515326e+01  -2.0433654e+01
  -2.9545130e+01  -3.0607455e+01
  -2.9577570e+01  -3.0961260e+01
  -2.9612825e+01  -2.7212866e+01
  -2.9651019e+01  -3.1179642e+01
  -2.9692218e+01  -2.8400183e+01
  -2.9736418e+01  -3.1021968e+01
  -2.9782837e+01  -3.1230324e+01
  -2.9831841e+01  -3.1487241e+01
  -2.9883171e+01  -3.1595746e+01
  -2.9935941e+01  -2.6074405e+01
  -2.9990428e+01  -3.2250443e+01
  -3.0046142e+01  -2.5762764e+01
  -3.0102554e+01  -3.2294010e+01
  -3.0159101e+01  -2.8680188e+01
  -3.0215205e+01  -2.9933898e+01
  -3.0270283e+01  -3.3102032e+01
  -3.0323767e+01  -3.0466503e+01
  -3.0375115e+01  -3.3891349e+01
  -3.0423826e+01  -2.9496113e+01
  -3.0469454e+01  -3.0367547e+01
  -3.0511619e+01  -2.9675206e+01
  -3.0550013e+01  -3.0336494e+01
  -3.0584408e+01  -3.1836092e+01
  -3.0614660e+01  -2.7545992e+01
  -3.0640711e+01  -3.2800644e+01
  -3.0662583e+01  -3.0726977e+01
  -3.0680379e+01  -3.0512224e+01
  -3.0694272e+01  -3.3678668e+01
  -3.0704496e+01  -2.9957947e+01
  -3.0711342e+01  -3.0976276e+01
  -3.0715492e+01  -2.9429351e+01
  -3.0717050e+01  -3.3467655e+01
  -3.0716766e+01  -2.8993535e+01
  -3.0714792e+01  -2.8927177e+01
  -3.0711552e+01  -3.0558077e+01
  -3.0707462e+01  -2.7691579e+01
  -3.0702918e+01  -3.4155625e+01
  -3.0696921e+01  -2.7541979e+01
  -3.0691503e+01  -3.0608684e+01
  -3.0686903e+01  -3.3639759e+01
  -3.0683332e+01  -3.1476763e+01
  -3.0680969e+01  -3.2347674e+01
  -3.0679962e+01  -3.0485613e+01
  -3.0680421e+01  -3.4302688e+01
  -3.0682424e+01  -2.8198022e+01
  -3.0685188e+01  -3.1533318e+01
  -3.0689734e+01  -3.4353114e+01
  -3.0695998e+01  -2.8417878e+01
  -3.0703887e+01  -3.2492361e+01
  -3.0713289e+01  -2.7022800e+01
  -3.0724066e+01  -3.2165939e+01
  -3.0736065e+01  -3.2526469e+01
  -3.0749114e+01  -3.0552436e+01
  -3.0763031e+01  -3.2695698e+01
  -3.0777621e+01  -3.0745505e+01
  -3.0792687e+01  -3.1184762e+01
  -3.0808028e+01  -3.0698300e+01
  -3.0823999e+01  -2.9775397e+01
