   1.9969240e+01   1.8488851e+01
   1.9920215e+01   2.3220171e+01
   1.9873305e+01   1.7489517e+01
   1.9827765e+01   2.3081646e+01
   1.9782967e+01   1.9472301e+01
   1.9738423e+01   1.8960345e+01
   1.9693800e+01   1.9309571e+01
   1.9650691e+01   1.8486375e+01
   1.9607787e+01   2.1763127e+01
   1.9565295e+01   1.8314387e+01
   1.9523552e+01   2.2444892e+01
   1.9484366e+01   1.8533805e+01
   1.9447924e+01   1.9209895e+01
   1.9414523e+01   2.1395341e+01
   1.9383152e+01   2.4536536e+01
   1.9355895e+01   2.3472270e+01
   1.9329933e+01   1.6398943e+01
   1.9305395e+01   1.9879450e+01
   1.9283967e+01   2.1046723e+01
   1.9265815e+01   1.8065443e+01
   1.9252728e+01   2.1005150e+01
   1.9243292e+01   1.5061510e+01
   1.9237342e+01   2.1569079e+01
   1.9233220e+01   1.8606576e+01
   1.9234003e+01   1.9016023e+01
   1.9236499e+01   1.9785739e+01
   1.9241913e+01   1.5257833e+01
   1.9251046e+01   2.2443134e+01
   1.9258500e+01   1.7184808e+01
   1.9266785e+01   2.0401448e+01
   1.9275307e+01   1.8923414e+01
   1.9284895e+01   1.8822181e+01
   1.9291614e+01   2.1369736e+01
   1.9296416e+01   1.8680063e+01
   1.9297171e+01   2.2164023e+01
   1.9296240e+01   1.8114549e+01
   1.9289825e+01   1.8897071e+01
   1.9280763e+01   2.1159926e+01
   1.9267483e+01   1.5603402e+01
   1.9249814e+01   3.1488756e+01
   1.9227606e+01   1.7968601e+01
   1.9200726e+01   2.3091726e+01
   1.9169053e+01   1.9585146e+01
   1.9132477e+01   1.6405520e+01
   1.9092673e+01   2.1639522e+01
   1.9048280e+01   1.6995537e+01
   1.8999354e+01   2.1645136e+01
   1.8946000e+01   1.5207310e+01
   1.8888394e+01   2.1232768e+01
   1.8826788e+01   1.9537576e+01
   1.8761528e+01   1.9360452e+01
   1.8693063e+01   2.2231821e+01
   1.8621947e+01   1.4201778e+01
   1.8548840e+01   2.2571449e+01
   1.8472732e+01   1.7723454e+01
   1.8395748e+01   2.0565928e+01
   1.8316922e+01   1.9913765e+01
   1.8236589e+01   1.4354086e+01
   1.8155371e+01   2.2135342e+01
   1.8073742e+01   1.6750519e+01
   1.7993371e+01   1.8765713e+01
   1.7914418e+01   1.8570483e+01
   1.7836887e+01   1.8733517e+01
   1.7758837e+01   2.7808477e+01
   1.7681202e+01   1.6991713e+01
   1.7603349e+01   1.8431626e+01
   1.7524478e+01   1.7563381e+01
   1.7443246e+01   1.9073039e+01
   1.7359563e+01   1.6553857e+01
   1.7270590e+01   1.6248533e+01
   1.7173446e+01   2.0006391e+01
   1.7066948e+01   1.3891076e+01
   1.6951670e+01   1.8837449e+01
   1.6826549e+01   1.3838395e+01
   1.6688940e+01   1.5052436e+01
   1.6538109e+01   1.6995103e+01
   1.6375265e+01   1.5744346e+01
   1.6200137e+01   1.8467861e+01
   1.6012751e+01   1.3758551e+01
   1.5814805e+01   1.7430108e+01
   1.5605219e+01   1.5015020e+01
   1.5386708e+01   1.5811531e+01
   1.5159162e+01   1.7402667e+01
   1.4927193e+01   1.0926552e+01
   1.4689464e+01   1.9041015e+01
   1.4451055e+01   1.2839041e+01
   1.4211019e+01   1.5667439e+01
   1.3972977e+01   1.5174814e+01
   1.3736121e+01   1.1659590e+01
   1.3506217e+01   1.6141037e+01
   1.3284147e+01   1.1062499e+01
   1.3073860e+01   1.4070454e+01
   1.2876143e+01   1.0593977e+01
   1.2694798e+01   1.0854374e+01
   1.2532194e+01   1.5839822e+01
   1.2387474e+01   8.4655679e+00
   1.2264033e+01   1.4726313e+01
   1.2165066e+01   1.0925740e+01
   1.2090489e+01   1.3732948e+01
   1.2043120e+01   1.3732590e+01
   1.2022458e+01   1.0808156e+01
   1.2030877e+01   1.4445126e+01
   1.2067403e+01   9.4255726e+00
   1.2132147e+01   1.5071517e+01
   1.2226693e+01   1.0260533e+01
   1.2350641e+01   1.2291872e+01
   1.2501610e+01   1.4131177e+01
   1.2680073e+01   9.4538543e+00
   1.2884527e+01   1.7134185e+01
   1.3111903e+01   9.2282994e+00
   1.3360235e+01   1.3482920e+01
   1.3627308e+01   1.3621469e+01
   1.3911069e+01   1.3051654e+01
   1.4209261e+01   1.4130015e+01
   1.4520835e+01   1.1218039e+01
   1.4839774e+01   1.8954033e+01
   1.5164776e+01   1.4471049e+01
   1.5491319e+01   1.7577218e+01
   1.5819264e+01   1.4891517e+01
   1.6142251e+01   1.6574899e+01
   1.6458761e+01   1.9987424e+01
   1.6765549e+01   1.2391751e+01
   1.7059446e+01   2.1054263e+01
   1.7336021e+01   1.4818657e+01
   1.7594045e+01   1.8546611e+01
   1.7832476e+01   1.7306537e+01
   1.8047430e+01   1.7264813e+01
   1.8237053e+01   1.9945722e+01
   1.8399785e+01   1.7735921e+01
   1.8534397e+01   2.1466720e+01
   1.8640018e+01   1.8715214e+01
   1.8716162e+01   1.6286186e+01
   1.8761370e+01   2.1528806e+01
   1.8777655e+01   1.4875841e+01
   1.8764306e+01   2.1855759e+01
   1.8724080e+01   1.8849466e+01
   1.8656990e+01   2.0750737e+01
   1.8566480e+01   2.6107861e+01
   1.8454559e+01   1.7354537e+01
   1.8325295e+01   1.9300477e+01
   1.8178566e+01   1.6492926e+01
   1.8018869e+01   1.9932659e+01
   1.7847696e+01   1.7066379e+01
   1.7669669e+01   1.7466325e+01
   1.7486279e+01   2.0064380e+01
   1.7300660e+01   1.4089321e+01
   1.7117138e+01   2.0598749e+01
   1.6938119e+01   1.5655093e+01
   1.6764441e+01   1.7216360e+01
   1.6599761e+01   1.8306080e+01
   1.6444331e+01   1.4436702e+01
   1.6301174e+01   1.9309510e+01
   1.6169876e+01   1.4628345e+01
   1.6052786e+01   2.4388583e+01
   1.5950192e+01   1.3940722e+01
   1.5860733e+01   1.4839110e+01
   1.5785850e+01   1.6614921e+01
   1.5726759e+01   1.3269965e+01
   1.5681426e+01   1.9475882e+01
   1.5649037e+01   1.4635836e+01
   1.5628663e+01   1.8469658e+01
   1.5620660e+01   1.3721021e+01
   1.5622275e+01   1.6875485e+01
   1.5632492e+01   1.7740702e+01
   1.5650299e+01   1.4713322e+01
   1.5674711e+01   1.6894258e+01
   1.5706164e+01   1.2736062e+01
   1.5743867e+01   1.7172576e+01
   1.5787186e+01   1.7497239e+01
   1.5833879e+01   1.5292268e+01
   1.5884929e+01   1.7885602e+01
   1.5940098e+01   1.4315591e+01
   1.5999299e+01   1.9183381e+01
   1.6060818e+01   1.3149954e+01
   1.6126128e+01   1.6803772e+01
   1.6193667e+01   1.5480852e+01
   1.6265423e+01   1.4385304e+01
   1.6340324e+01   1.7774185e+01
   1.6418665e+01   1.2333101e+01
   1.6502498e+01   1.8610878e+01
   1.6590791e+01   1.6717674e+01
   1.6685632e+01   1.5417689e+01
   1.6786017e+01   1.8730148e+01
   1.6894059e+01   1.6260970e+01
   1.7008773e+01   2.1006978e+01
   1.7132284e+01   1.5063171e+01
   1.7263622e+01   1.7459669e+01
   1.7403145e+01   1.9614326e+01
   1.7552935e+01   1.6105960e+01
   1.7711960e+01   1.8999209e+01
   1.7879128e+01   1.5801842e+01
   1.8056341e+01   1.9486359e+01
   1.8243656e+01   1.6074431e+01
   1.8441042e+01   1.6839577e+01
   1.8648364e+01   2.0834576e+01
   1.8865365e+01   1.5660054e+01
   1.9091658e+01   1.8723802e+01
   1.9324939e+01   1.7155567e+01
   1.9565803e+01   2.0052796e+01
   1.9811528e+01   1.8448507e+01
   2.0060501e+01   1.8964657e+01
   2.0312607e+01   2.3028859e+01
   2.0566173e+01   1.8186752e+01
   2.0817589e+01   2.2547824e+01
   2.1064385e+01   1.9725562e+01
   2.1305649e+01   2.3314853e+01
   2.1537225e+01   2.1670541e+01
   2.1756190e+01   1.9254705e+01
   2.1959911e+01   2.3276430e+01
   2.2147477e+01   2.0962129e+01
   2.2316308e+01   2.2299642e+01
   2.2462210e+01   2.2204388e+01
   2.2584266e+01   2.2695753e+01
   2.2680449e+01   2.5606716e+01
   2.2749053e+01   1.9796017e+01
   2.2788740e+01   2.7157922e+01
   2.2798583e+01   1.9288676e+01
   2.2778099e+01   2.3247462e+01
   2.2725893e+01   2.2582295e+01
   2.2644113e+01   1.9761676e+01
   2.2533622e+01   2.5370966e+01
   2.2395752e+01   1.9917490e+01
   2.2229131e+01   2.4894558e+01
   2.2038910e+01   2.0598304e+01
   2.1827443e+01   2.3769619e+01
   2.1595600e+01   2.1973728e+01
   2.1345754e+01   2.0699740e+01
   2.1080716e+01   2.5338631e+01
   2.0805033e+01   1.9506653e+01
   2.0521468e+01   2.0240227e+01
   2.0231321e+01   1.8361509e+01
   1.9937038e+01   1.7844554e+01
   1.9640783e+01   2.0543613e+01
   1.9346164e+01   1.8184250e+01
   1.9053375e+01   2.0071873e+01
   1.8765394e+01   1.7473083e+01
   1.8481773e+01   2.0208777e+01
   1.8206633e+01   1.8466292e+01
   1.7940805e+01   1.5887319e+01
   1.7685417e+01   1.8533001e+01
   1.7441563e+01   1.6815018e+01
   1.7208201e+01   1.9185976e+01
   1.6987438e+01   1.3113979e+01
   1.6778370e+01   1.4962346e+01
   1.6581560e+01   1.9849906e+01
   1.6397692e+01   1.4122213e+01
   1.6229351e+01   1.8112010e+01
   1.6076206e+01   1.4094789e+01
   1.5940804e+01   2.5686558e+01
   1.5822728e+01   1.7544646e+01
   1.5724753e+01   1.3165696e+01
   1.5647954e+01   1.6029575e+01
   1.5593800e+01   1.4221495e+01
   1.5562317e+01   1.9510461e+01
   1.5556057e+01   1.5940728e+01
   1.5575602e+01   1.6089222e+01
   1.5621657e+01   1.7925234e+01
   1.5694606e+01   1.3281013e+01
   1.5794087e+01   1.6835775e+01
   1.5919753e+01   1.5061784e+01
   1.6069509e+01   2.6583451e+01
   1.6242197e+01   1.6198744e+01
   1.6439402e+01   1.4147452e+01
   1.6656244e+01   1.6597198e+01
   1.6890699e+01   1.6257807e+01
   1.7140528e+01   1.9302791e+01
   1.7403350e+01   1.4092042e+01
   1.7676715e+01   1.7015934e+01
   1.7958176e+01   1.7594353e+01
   1.8245350e+01   1.8084424e+01
   1.8535973e+01   2.0511502e+01
   1.8827941e+01   1.7671697e+01
   1.9119336e+01   1.9248415e+01
   1.9408048e+01   1.7447476e+01
   1.9692162e+01   2.0460319e+01
   1.9970336e+01   2.1374202e+01
   2.0242765e+01   1.6718036e+01
   2.0508098e+01   2.3138894e+01
   2.0763799e+01   1.9242551e+01
   2.1007414e+01   2.3272963e+01
   2.1239601e+01   1.9641544e+01
   2.1459685e+01   2.2326125e+01
   2.1668392e+01   2.4202289e+01
   2.1863412e+01   1.9500439e+01
   2.2044226e+01   2.2469070e+01
   2.2210351e+01   1.9327747e+01
   2.2361353e+01   2.3272802e+01
   2.2496867e+01   2.2895417e+01
   2.2613478e+01   1.9772208e+01
   2.2712629e+01   2.4071088e+01
   2.2793072e+01   2.1135702e+01
   2.2856707e+01   2.3403548e+01
   2.2905151e+01   2.3109198e+01
   2.2937093e+01   2.3592425e+01
   2.2954491e+01   2.5996602e+01
   2.2959517e+01   2.1210487e+01
   2.2951485e+01   2.6423020e+01
   2.2929898e+01   2.1129856e+01
   2.2897490e+01   2.5471580e+01
   2.2855375e+01   2.2511324e+01
   2.2806558e+01   2.2040744e+01
   2.2751083e+01   2.4814122e+01
   2.2690441e+01   1.8355021e+01
   2.2626562e+01   2.4906393e+01
   2.2561404e+01   2.1213893e+01
   2.2498306e+01   2.3349411e+01
   2.2437537e+01   2.1811676e+01
   2.2379337e+01   2.1682339e+01
   2.2328724e+01   2.5286188e+01
   2.2285821e+01   2.0342725e+01
   2.2252444e+01   2.4985210e+01
   2.2230314e+01   2.1152644e+01
   2.2220650e+01   2.1591411e+01
   2.2223170e+01   2.2246271e+01
   2.2240504e+01   1.7946274e+01
   2.2273349e+01   2.4240463e+01
   2.2322215e+01   2.1627413e+01
   2.2387406e+01   2.5164779e+01
   2.2469006e+01   2.1892982e+01
   2.2566861e+01   1.9381728e+01
   2.2678801e+01   2.4481451e+01
   2.2805463e+01   2.0427497e+01
   2.2945851e+01   2.3200185e+01
   2.3098725e+01   2.3108649e+01
   2.3263982e+01   2.2612450e+01
   2.3438250e+01   2.4902107e+01
   2.3621508e+01   2.1008776e+01
   2.3810532e+01   2.7049908e+01
   2.4003378e+01   2.2099302e+01
   2.4199827e+01   2.6100662e+01
   2.4399756e+01   2.2874473e+01
   2.4598365e+01   2.2524658e+01
   2.4795892e+01   2.5780056e+01
   2.4991457e+01   2.3091634e+01
   2.5182724e+01   2.8810897e+01
   2.5368992e+01   2.4533306e+01
   2.5551622e+01   2.5530819e+01
   2.5729219e+01   2.5421305e+01
   2.5903839e+01   2.5392228e+01
   2.6076151e+01   2.8584946e+01
   2.6245401e+01   2.5674090e+01
   2.6412827e+01   2.9045392e+01
   2.6581599e+01   2.6836002e+01
   2.6751937e+01   2.4182842e+01
   2.6925482e+01   2.7663529e+01
   2.7103846e+01   2.4881493e+01
   2.7287170e+01   2.8178106e+01
   2.7478493e+01   2.4453701e+01
   2.7677092e+01   2.8379301e+01
   2.7885021e+01   2.6038130e+01
   2.8102625e+01   2.8488264e+01
   2.8328514e+01   3.0171333e+01
   2.8563986e+01   2.4531461e+01
   2.8808196e+01   3.2598082e+01
   2.9058579e+01   2.6112818e+01
   2.9313542e+01   2.7457276e+01
   2.9571132e+01   2.8810940e+01
   2.9830867e+01   2.6690259e+01
   3.0092109e+01   3.1305129e+01
   3.0349713e+01   2.9213933e+01
   3.0602971e+01   3.0739276e+01
   3.0848111e+01   3.1954764e+01
   3.1084574e+01   3.2076169e+01
   3.1310250e+01   3.3701372e+01
   3.1523301e+01   3.1097783e+01
   3.1722197e+01   3.3333715e+01
   3.1905751e+01   3.0989717e+01
   3.2073130e+01   3.1907158e+01
   3.2223867e+01   3.4451662e+01
   3.2357846e+01   3.0748531e+01
   3.2475289e+01   3.4003927e+01
   3.2578098e+01   3.0292229e+01
   3.2665379e+01   3.5462914e+01
   3.2738225e+01   3.0339819e+01
   3.2797895e+01   3.3135927e+01
   3.2845764e+01   3.5796784e+01
   3.2883279e+01   2.9161930e+01
   3.2910531e+01   3.3831974e+01
   3.2930655e+01   3.1388328e+01
   3.2944961e+01   3.6239977e+01
   3.2951535e+01   3.2028473e+01
   3.2953091e+01   3.4023723e+01
   3.2950362e+01   3.6222618e+01
   3.2943855e+01   2.9275607e+01
   3.2932468e+01   3.5707434e+01
   3.2919302e+01   3.2782621e+01
   3.2902402e+01   3.2923251e+01
   3.2879590e+01   3.2463879e+01
   3.2851536e+01   2.9496325e+01
   3.2815560e+01   3.3489490e+01
   3.2768314e+01   3.0191553e+01
   3.2712386e+01   3.4181900e+01
   3.2644386e+01   3.1985698e+01
   3.2562549e+01   3.2301374e+01
   3.2465000e+01   3.3947372e+01
   3.2351171e+01   2.9229588e+01
   3.2219175e+01   3.5717692e+01
   3.2067234e+01   2.9973178e+01
   3.1893727e+01   3.3373356e+01
   3.1698623e+01   3.1272242e+01
   3.1477324e+01   2.8940860e+01
   3.1230367e+01   3.2494598e+01
   3.0955497e+01   3.0127261e+01
   3.0652131e+01   3.2954766e+01
   3.0321787e+01   3.0512502e+01
   2.9963265e+01   3.0932225e+01
   2.9580237e+01   2.9348587e+01
   2.9172364e+01   2.7907678e+01
   2.8743254e+01   3.2037176e+01
   2.8292469e+01   2.5508341e+01
   2.7824365e+01   2.7745157e+01
   2.7343612e+01   2.6201235e+01
   2.6852087e+01   2.8113475e+01
   2.6355015e+01   2.8720519e+01
   2.5854700e+01   2.4086058e+01
   2.5354886e+01   2.9323881e+01
   2.4859315e+01   2.4619790e+01
   2.4371650e+01   2.5588528e+01
   2.3893641e+01   2.5404930e+01
   2.3429883e+01   2.1334871e+01
   2.2985100e+01   2.5543629e+01
   2.2560643e+01   2.1188782e+01
   2.2160673e+01   2.2583518e+01
   2.1785932e+01   1.9391489e+01
   2.1438170e+01   2.0688682e+01
   2.1118756e+01   2.3130537e+01
   2.0828681e+01   1.9553510e+01
   2.0570327e+01   2.3832373e+01
   2.0342658e+01   1.8462663e+01
   2.0145665e+01   1.9868687e+01
   1.9979015e+01   2.7156440e+01
   1.9843441e+01   1.7243748e+01
   1.9736331e+01   2.8786107e+01
   1.9657952e+01   1.8334451e+01
   1.9605266e+01   2.3885090e+01
   1.9578165e+01   1.8312036e+01
   1.9573291e+01   2.1770138e+01
   1.9590275e+01   2.0163867e+01
   1.9625163e+01   1.8552357e+01
   1.9677036e+01   2.1477034e+01
   1.9741821e+01   1.6254665e+01
   1.9821258e+01   2.2529657e+01
   1.9906461e+01   2.0772895e+01
   1.9998220e+01   1.7858355e+01
   2.0091072e+01   2.3252435e+01
   2.0185729e+01   1.8197491e+01
   2.0278457e+01   2.2554859e+01
   2.0365538e+01   1.6717613e+01
   2.0444574e+01   2.2008774e+01
   2.0514914e+01   2.0530173e+01
   2.0574608e+01   2.0426451e+01
   2.0623194e+01   2.2427661e+01
   2.0657288e+01   1.6953590e+01
   2.0676817e+01   2.2875496e+01
   2.0680213e+01   1.7939682e+01
   2.0664838e+01   1.9316614e+01
   2.0631437e+01   2.1166931e+01
   2.0579732e+01   1.7626042e+01
   2.0508448e+01   2.2946100e+01
   2.0418397e+01   1.8098796e+01
   2.0310733e+01   2.2748552e+01
   2.0186568e+01   1.8895879e+01
   2.0047760e+01   1.9480570e+01
   1.9896507e+01   2.3480243e+01
   1.9733557e+01   1.7473223e+01
   1.9562999e+01   2.1248264e+01
   1.9389154e+01   1.6029861e+01
   1.9213462e+01   2.0324806e+01
   1.9038847e+01   2.0436563e+01
   1.8869639e+01   1.7010879e+01
   1.8708831e+01   2.1498920e+01
   1.8556628e+01   1.4139835e+01
   1.8417478e+01   2.1443800e+01
   1.8292438e+01   1.8276289e+01
   1.8185316e+01   1.9919731e+01
   1.8097802e+01   2.0970779e+01
   1.8031195e+01   1.5350353e+01
   1.7986372e+01   1.8881109e+01
   1.7962403e+01   1.3961450e+01
   1.7962756e+01   1.9201124e+01
   1.7985662e+01   1.8911122e+01
   1.8030345e+01   1.9043305e+01
   1.8097455e+01   1.8793314e+01
   1.8184290e+01   1.3911909e+01
   1.8289277e+01   1.9033190e+01
   1.8412430e+01   1.8418175e+01
   1.8550581e+01   2.0128526e+01
   1.8703644e+01   2.0522901e+01
   1.8870246e+01   1.6717086e+01
   1.9048761e+01   2.0354530e+01
   1.9235977e+01   1.4935655e+01
   1.9433728e+01   2.1698875e+01
   1.9637884e+01   1.9571378e+01
   1.9848995e+01   1.7581229e+01
   2.0064718e+01   2.1439304e+01
   2.0286004e+01   2.4480846e+01
   2.0510872e+01   2.3173032e+01
   2.0739209e+01   1.6955706e+01
   2.0972343e+01   2.3572552e+01
   2.1209942e+01   2.2811598e+01
   2.1448588e+01   2.0472247e+01
   2.1689621e+01   2.3356478e+01
   2.1932893e+01   1.8454914e+01
   2.2178109e+01   2.5414683e+01
   2.2424808e+01   1.9574764e+01
   2.2672349e+01   2.2406098e+01
   2.2919903e+01   2.4068031e+01
   2.3168233e+01   2.0160952e+01
   2.3413510e+01   2.5106917e+01
   2.3656223e+01   2.0757837e+01
   2.3895407e+01   2.6221029e+01
   2.4130077e+01   2.3271744e+01
   2.4358881e+01   2.3657057e+01
   2.4580950e+01   2.4307037e+01
   2.4795550e+01   3.0391634e+01
   2.5003514e+01   2.6033051e+01
   2.5202847e+01   2.4510894e+01
   2.5393593e+01   2.4524847e+01
   2.5577856e+01   2.4177458e+01
   2.5754598e+01   2.2270809e+01
   2.5926232e+01   2.9402039e+01
   2.6092804e+01   2.4911250e+01
   2.6256002e+01   2.7295477e+01
   2.6419125e+01   2.3283064e+01
   2.6582596e+01   2.7927618e+01
   2.6750104e+01   2.8057313e+01
   2.6924105e+01   2.5682342e+01
   2.7105362e+01   2.9496153e+01
   2.7295937e+01   2.6443406e+01
   2.7499514e+01   2.8014005e+01
   2.7715136e+01   2.6756157e+01
   2.7946022e+01   2.5694187e+01
   2.8193318e+01   2.9534368e+01
   2.8458225e+01   2.7490897e+01
   2.8741578e+01   3.1171737e+01
   2.9043448e+01   2.6113583e+01
   2.9362149e+01   2.9317001e+01
   2.9700457e+01   3.0074736e+01
   3.0054595e+01   2.7332530e+01
   3.0423532e+01   3.2427035e+01
   3.0807253e+01   2.7012741e+01
   3.1203741e+01   3.3325542e+01
   3.1609412e+01   3.2603337e+01
   3.2023597e+01   3.2652639e+01
   3.2443763e+01   3.2254390e+01
   3.2867329e+01   2.8636534e+01
   3.3291711e+01   3.7293089e+01
   3.3714364e+01   3.1650415e+01
   3.4132822e+01   3.6827697e+01
   3.4544738e+01   3.4020787e+01
   3.4946142e+01   3.2664690e+01
   3.5337667e+01   3.8761615e+01
   3.5715694e+01   3.1527257e+01
   3.6078562e+01   3.8188757e+01
   3.6424816e+01   3.4242980e+01
   3.6753212e+01   3.8673056e+01
   3.7062720e+01   3.7388798e+01
   3.7352530e+01   3.5320009e+01
   3.7620670e+01   3.8914750e+01
   3.7866677e+01   3.6493650e+01
   3.8091580e+01   4.0090036e+01
   3.8293857e+01   3.8610951e+01
   3.8475232e+01   3.6327898e+01
   3.8635841e+01   4.1254144e+01
   3.8774614e+01   3.5960433e+01
   3.8893707e+01   4.2197824e+01
   3.8990513e+01   3.5196073e+01
   3.9068688e+01   3.9230252e+01
   3.9127494e+01   4.0574347e+01
   3.9167996e+01   3.8026567e+01
   3.9190892e+01   4.2599028e+01
   3.9196887e+01   3.6401825e+01
   3.9187080e+01   4.2908291e+01
   3.9163931e+01   3.6078940e+01
   3.9126819e+01   3.8444861e+01
   3.9078236e+01   4.0991334e+01
   3.9017575e+01   3.7582963e+01
   3.8947726e+01   4.1556380e+01
   3.8869857e+01   3.4608773e+01
   3.8784788e+01   4.0465319e+01
   3.8692011e+01   3.6583773e+01
   3.8595893e+01   3.8732258e+01
   3.8496023e+01   4.1861790e+01
   3.8393414e+01   3.4550676e+01
   3.8287756e+01   3.9719402e+01
   3.8181842e+01   3.7769281e+01
   3.8076740e+01   3.8791716e+01
   3.7973544e+01   3.8082680e+01
   3.7871993e+01   3.4466080e+01
   3.7774886e+01   4.1106185e+01
   3.7683236e+01   3.3046254e+01
   3.7598020e+01   4.0294080e+01
   3.7520145e+01   3.8558635e+01
   3.7450429e+01   3.8524495e+01
   3.7389571e+01   3.7586438e+01
   3.7338124e+01   3.5550433e+01
   3.7296477e+01   4.0881546e+01
   3.7264841e+01   3.6297607e+01
   3.7243236e+01   3.8038182e+01
   3.7229715e+01   3.7326678e+01
   3.7225193e+01   3.4081998e+01
   3.7230394e+01   3.8795660e+01
   3.7242795e+01   3.5520876e+01
   3.7261482e+01   3.7906186e+01
   3.7285404e+01   3.6765155e+01
   3.7313409e+01   3.7299320e+01
   3.7344282e+01   3.6835320e+01
   3.7376785e+01   3.6752775e+01
   3.7409692e+01   3.8463299e+01
   3.7441829e+01   3.5505174e+01
   3.7473479e+01   3.8991020e+01
   3.7501972e+01   3.6932606e+01
   3.7524761e+01   3.5472688e+01
   3.7542495e+01   4.0792586e+01
   3.7554589e+01   3.4792845e+01
   3.7560604e+01   4.0369157e+01
   3.7560252e+01   3.5576869e+01
   3.7554758e+01   3.6693304e+01
   3.7542419e+01   3.8579940e+01
   3.7523416e+01   3.6978639e+01
   3.7498026e+01   3.9183986e+01
   3.7467986e+01   3.6351180e+01
   3.7430263e+01   4.0874157e+01
   3.7386691e+01   3.5741761e+01
   3.7337744e+01   3.8331474e+01
   3.7283899e+01   3.9307679e+01
   3.7225624e+01   3.5907307e+01
   3.7163371e+01   3.8764908e+01
   3.7096200e+01   3.6358901e+01
   3.7026211e+01   3.8355019e+01
   3.6953719e+01   3.7380678e+01
   3.6879029e+01   3.5621672e+01
   3.6801065e+01   3.8422181e+01
   3.6723577e+01   3.2697467e+01
   3.6645505e+01   3.9411066e+01
   3.6567189e+01   3.3821346e+01
   3.6488998e+01   3.6421820e+01
   3.6413106e+01   3.6641244e+01
   3.6338668e+01   3.3663854e+01
   3.6266260e+01   3.8726497e+01
   3.6198268e+01   3.4746506e+01
   3.6134067e+01   3.6179340e+01
   3.6074443e+01   3.3611565e+01
   3.6021982e+01   3.4012821e+01
   3.5976233e+01   3.8796630e+01
   3.5938125e+01   3.5639899e+01
   3.5910349e+01   3.6638214e+01
   3.5892503e+01   3.4502335e+01
   3.5885514e+01   3.6291612e+01
   3.5890236e+01   3.4791076e+01
   3.5908792e+01   3.2876640e+01
   3.5940116e+01   3.9565864e+01
   3.5984747e+01   3.2203054e+01
   3.6043039e+01   3.9999470e+01
   3.6115142e+01   3.6599755e+01
   3.6200990e+01   3.6813068e+01
   3.6298520e+01   3.7592889e+01
   3.6408495e+01   3.4211851e+01
   3.6530065e+01   4.0836496e+01
   3.6662153e+01   3.5293254e+01
   3.6803473e+01   3.6781602e+01
   3.6952546e+01   3.7806865e+01
   3.7107737e+01   3.7802058e+01
   3.7268660e+01   3.8585068e+01
   3.7431777e+01   3.5365580e+01
   3.7593493e+01   3.8601388e+01
   3.7753258e+01   3.6577873e+01
   3.7909170e+01   3.7431285e+01
   3.8059392e+01   4.0127122e+01
   3.8202198e+01   3.8353205e+01
   3.8334240e+01   4.0510838e+01
   3.8455405e+01   3.7531961e+01
   3.8562632e+01   4.0113001e+01
   3.8657507e+01   3.9172603e+01
   3.8735625e+01   3.7879942e+01
   3.8797621e+01   4.0744097e+01
   3.8842965e+01   4.4699641e+01
   3.8869555e+01   4.1902557e+01
   3.8878541e+01   3.6500253e+01
   3.8869870e+01   4.2260239e+01
   3.8841879e+01   3.7633548e+01
   3.8796108e+01   3.6276756e+01
   3.8732840e+01   3.9373138e+01
   3.8652471e+01   3.6807894e+01
   3.8555897e+01   4.2292622e+01
   3.8444119e+01   3.5347118e+01
   3.8317863e+01   4.0907749e+01
   3.8177969e+01   3.7881518e+01
   3.8022252e+01   3.6651906e+01
   3.7854764e+01   4.1144112e+01
   3.7676527e+01   3.3940398e+01
   3.7487305e+01   3.9449625e+01
   3.7290037e+01   3.7900300e+01
   3.7086001e+01   3.6207336e+01
   3.6875201e+01   3.6718042e+01
   3.6660788e+01   3.4154858e+01
   3.6442441e+01   4.0156402e+01
   3.6221560e+01   3.4536739e+01
   3.6001238e+01   4.4500537e+01
   3.5782779e+01   3.5839211e+01
   3.5567429e+01   3.4945997e+01
   3.5356354e+01   3.7845524e+01
   3.5150602e+01   3.4489405e+01
   3.4951087e+01   3.5361385e+01
   3.4758567e+01   3.1403238e+01
   3.4575406e+01   3.5782053e+01
   3.4400745e+01   3.6901943e+01
   3.4236320e+01   3.2209308e+01
   3.4080661e+01   3.7951013e+01
   3.3933930e+01   3.1147262e+01
   3.3796172e+01   3.4247746e+01
   3.3667340e+01   3.2233320e+01
   3.3547318e+01   3.3693853e+01
   3.3435943e+01   3.5801284e+01
   3.3334803e+01   2.9179022e+01
   3.3242425e+01   3.4456588e+01
   3.3160104e+01   3.0432986e+01
   3.3087868e+01   3.3702062e+01
   3.3024485e+01   3.1904152e+01
   3.2970125e+01   3.3151752e+01
   3.2924981e+01   3.6624354e+01
   3.2890628e+01   3.1482926e+01
   3.2865576e+01   3.4472378e+01
   3.2853214e+01   3.1330055e+01
   3.2850762e+01   3.1942291e+01
   3.2859891e+01   4.1697887e+01
   3.2879125e+01   2.9842145e+01
   3.2908649e+01   3.4007419e+01
   3.2949905e+01   3.1089263e+01
   3.3001145e+01   4.3724138e+01
   3.3062249e+01   3.3267073e+01
   3.3136105e+01   3.1798402e+01
   3.3219343e+01   3.3382163e+01
   3.3311610e+01   3.0927873e+01
   3.3412434e+01   3.7746653e+01
   3.3519861e+01   3.1692285e+01
   3.3633142e+01   3.4038610e+01
   3.3752738e+01   3.5757115e+01
   3.3877673e+01   3.2541024e+01
   3.4008288e+01   4.5648019e+01
   3.4141820e+01   3.0516154e+01
   3.4277238e+01   3.7083503e+01
   3.4413489e+01   3.4586415e+01
   3.4549509e+01   3.3483404e+01
   3.4684248e+01   3.6484559e+01
   3.4814904e+01   3.1062926e+01
   3.4941768e+01   3.8619381e+01
   3.5065172e+01   3.4409528e+01
   3.5182437e+01   3.5597680e+01
   3.5292709e+01   3.5532960e+01
   3.5395205e+01   3.5174007e+01
   3.5489227e+01   3.9009047e+01
   3.5574171e+01   3.4865988e+01
   3.5649543e+01   3.6167189e+01
   3.5714964e+01   4.1433558e+01
   3.5770186e+01   3.5831954e+01
   3.5813715e+01   3.8539650e+01
   3.5847262e+01   3.4733946e+01
   3.5870914e+01   3.8447996e+01
   3.5884902e+01   3.4238293e+01
   3.5889599e+01   3.8338583e+01
   3.5885505e+01   3.4535746e+01
   3.5873236e+01   3.4183968e+01
   3.5853509e+01   3.8996532e+01
   3.5827126e+01   3.2029839e+01
   3.5793579e+01   3.7163932e+01
   3.5755467e+01   3.4196760e+01
   3.5713657e+01   3.6740053e+01
   3.5667651e+01   3.5798834e+01
   3.5620010e+01   3.4528181e+01
   3.5571506e+01   3.6367449e+01
   3.5522876e+01   3.2733710e+01
   3.5473030e+01   3.7248685e+01
   3.5422091e+01   3.3034663e+01
   3.5368623e+01   3.3589469e+01
   3.5317591e+01   3.7916321e+01
   3.5267640e+01   3.1750038e+01
   3.5218683e+01   3.7257724e+01
   3.5168756e+01   3.1159158e+01
   3.5118852e+01   3.8361670e+01
   3.5068497e+01   3.6018526e+01
   3.5015364e+01   3.3515481e+01
   3.4958748e+01   3.7065881e+01
   3.4899584e+01   3.1119298e+01
   3.4835257e+01   3.5518926e+01
   3.4766215e+01   3.4483982e+01
   3.4689792e+01   3.6745564e+01
   3.4607802e+01   3.4483249e+01
   3.4515917e+01   3.4786080e+01
   3.4414715e+01   3.8752851e+01
   3.4303494e+01   3.2512985e+01
   3.4181667e+01   3.4953970e+01
   3.4047013e+01   3.1569140e+01
   3.3900516e+01   3.2778661e+01
   3.3741946e+01   3.3641108e+01
   3.3569463e+01   3.2409286e+01
   3.3385826e+01   4.3006484e+01
   3.3189516e+01   2.9112640e+01
   3.2979165e+01   3.4129630e+01
   3.2756603e+01   3.3963131e+01
   3.2522415e+01   3.1958168e+01
   3.2275539e+01   3.5206647e+01
   3.2018080e+01   3.1231751e+01
   3.1750862e+01   3.2654711e+01
   3.1473020e+01   2.9542475e+01
   3.1185043e+01   3.3365870e+01
   3.0889147e+01   3.3697749e+01
   3.0586200e+01   3.0140817e+01
   3.0273544e+01   4.1701355e+01
   2.9954631e+01   2.6743210e+01
   2.9630144e+01   3.1492194e+01
   2.9298960e+01   2.9523438e+01
   2.8962979e+01   2.9561526e+01
   2.8620910e+01   3.1046891e+01
   2.8274477e+01   2.6935898e+01
   2.7922209e+01   3.1651215e+01
   2.7565655e+01   2.5964248e+01
   2.7204958e+01   2.7214296e+01
   2.6838470e+01   2.7894416e+01
   2.6467602e+01   2.5473913e+01
   2.6094176e+01   2.8110297e+01
   2.5716998e+01   2.3133859e+01
   2.5336325e+01   2.5484723e+01
   2.4953884e+01   3.3093849e+01
   2.4569834e+01   2.6106668e+01
   2.4184540e+01   2.5155469e+01
   2.3797600e+01   2.1246760e+01
   2.3410524e+01   2.7024981e+01
   2.3024584e+01   2.2714680e+01
   2.2644350e+01   2.5027222e+01
   2.2268419e+01   2.2934960e+01
   2.1898657e+01   1.9624151e+01
   2.1540175e+01   2.5181917e+01
   2.1192028e+01   1.9379885e+01
   2.0856444e+01   2.2511762e+01
   2.0538775e+01   1.7219540e+01
   2.0238190e+01   2.2852567e+01
   1.9958261e+01   2.0346505e+01
   1.9697555e+01   1.9586575e+01
   1.9460612e+01   2.2445064e+01
   1.9245478e+01   1.7567192e+01
   1.9054685e+01   2.1986699e+01
   1.8889012e+01   1.7798018e+01
   1.8750206e+01   1.9610212e+01
   1.8636530e+01   1.8677891e+01
   1.8547589e+01   2.4417655e+01
   1.8485709e+01   2.1716843e+01
   1.8446704e+01   1.5376967e+01
   1.8429167e+01   1.7696795e+01
   1.8432750e+01   1.9463562e+01
   1.8453776e+01   1.7334822e+01
   1.8490129e+01   2.1320852e+01
   1.8540919e+01   1.5897864e+01
   1.8602116e+01   2.1620848e+01
   1.8673212e+01   1.7082565e+01
   1.8750298e+01   1.8007581e+01
   1.8832320e+01   2.0042800e+01
   1.8915708e+01   1.5871643e+01
   1.8997074e+01   2.1983451e+01
   1.9079048e+01   1.8149353e+01
   1.9156980e+01   2.0296199e+01
   1.9229973e+01   1.8935118e+01
   1.9298719e+01   1.8925132e+01
   1.9361046e+01   1.9691727e+01
   1.9418102e+01   1.8073541e+01
   1.9468122e+01   2.0334782e+01
   1.9512598e+01   1.6677565e+01
   1.9550045e+01   1.8783160e+01
   1.9580795e+01   1.9668218e+01
   1.9606580e+01   1.8396615e+01
   1.9626067e+01   2.2216042e+01
   1.9638305e+01   1.7115146e+01
   1.9645377e+01   2.2435897e+01
   1.9647577e+01   1.7432607e+01
   1.9646953e+01   2.0705313e+01
   1.9642492e+01   2.2226042e+01
   1.9634564e+01   1.5615970e+01
   1.9622190e+01   2.2159707e+01
   1.9607484e+01   1.8411504e+01
   1.9590843e+01   2.1948372e+01
   1.9571341e+01   1.8771456e+01
   1.9551172e+01   1.9596327e+01
   1.9530816e+01   2.1591423e+01
   1.9509430e+01   1.5110174e+01
   1.9489266e+01   2.2729316e+01
   1.9470831e+01   1.8993023e+01
   1.9453264e+01   2.1535264e+01
   1.9438749e+01   1.9973194e+01
   1.9425895e+01   1.8194336e+01
   1.9417686e+01   2.3503271e+01
   1.9412579e+01   1.7965566e+01
   1.9412058e+01   2.0440970e+01
   1.9414419e+01   1.7235798e+01
   1.9419584e+01   1.7528034e+01
   1.9427339e+01   2.2337099e+01
   1.9437339e+01   1.7529402e+01
   1.9449129e+01   2.3417626e+01
   1.9462555e+01   1.6269720e+01
   1.9477412e+01   2.0787591e+01
   1.9494852e+01   1.8964321e+01
   1.9514758e+01   1.7257993e+01
   1.9535390e+01   2.0897225e+01
   1.9558245e+01   1.8852927e+01
   1.9580111e+01   2.0809155e+01
   1.9602349e+01   1.7912370e+01
   1.9623712e+01   2.0614582e+01
   1.9647535e+01   2.1632296e+01
   1.9674234e+01   1.9553796e+01
   1.9703064e+01   2.1621137e+01
   1.9736136e+01   1.9351663e+01
   1.9774346e+01   2.1367423e+01
   1.9817342e+01   1.7757964e+01
   1.9866152e+01   1.9872113e+01
   1.9921770e+01   2.2929478e+01
   1.9985116e+01   1.8662957e+01
   2.0056993e+01   2.3421604e+01
   2.0138050e+01   1.8093213e+01
   2.0228751e+01   1.9859582e+01
   2.0329351e+01   2.0900908e+01
   2.0439872e+01   1.9735408e+01
   2.0560100e+01   2.2720572e+01
   2.0689585e+01   1.7737465e+01
   2.0827647e+01   2.1466532e+01
   2.0973398e+01   1.9931890e+01
   2.1125761e+01   2.1164243e+01
   2.1282138e+01   2.2501428e+01
   2.1442876e+01   1.9377490e+01
   2.1606485e+01   2.3742332e+01
   2.1773218e+01   1.9458897e+01
   2.1940289e+01   2.2511974e+01
   2.2106344e+01   1.9986060e+01
   2.2271894e+01   2.2133693e+01
   2.2434521e+01   2.5796116e+01
   2.2593337e+01   1.9811118e+01
   2.2749404e+01   2.6009116e+01
   2.2900912e+01   2.0659625e+01
   2.3049402e+01   2.4328502e+01
   2.3193558e+01   2.2212480e+01
   2.3335410e+01   2.2044577e+01
   2.3475493e+01   2.4517685e+01
   2.3612822e+01   2.1430043e+01
   2.3750087e+01   2.7591305e+01
   2.3887020e+01   2.1571110e+01
   2.4026574e+01   2.4818341e+01
   2.4168681e+01   2.6972481e+01
   2.4314648e+01   2.0742290e+01
   2.4467515e+01   2.7106155e+01
   2.4627184e+01   2.1774655e+01
   2.4793446e+01   2.7188535e+01
   2.4969006e+01   2.4469927e+01
   2.5153247e+01   2.2622742e+01
   2.5347040e+01   2.6415693e+01
   2.5552329e+01   2.4530395e+01
   2.5767688e+01   2.8480627e+01
   2.5995884e+01   2.3900005e+01
   2.6234612e+01   2.8119328e+01
   2.6483090e+01   2.7547198e+01
   2.6740295e+01   2.3310259e+01
   2.7005382e+01   2.9271633e+01
   2.7277320e+01   2.3644070e+01
   2.7552770e+01   2.8537013e+01
   2.7828190e+01   2.8086406e+01
   2.8102932e+01   2.7342769e+01
   2.8376209e+01   3.0166439e+01
   2.8645840e+01   2.6109860e+01
   2.8909660e+01   2.9395852e+01
   2.9165564e+01   2.7141105e+01
   2.9411536e+01   2.9785736e+01
   2.9645689e+01   3.1627994e+01
   2.9866295e+01   2.6664903e+01
   3.0071814e+01   3.1062009e+01
   3.0259146e+01   2.7933803e+01
   3.0428478e+01   3.1577995e+01
   3.0578858e+01   2.8684330e+01
   3.0709580e+01   3.0362733e+01
   3.0818419e+01   3.3677794e+01
   3.0906459e+01   2.9523777e+01
   3.0973647e+01   3.4618051e+01
   3.1020168e+01   2.9497840e+01
   3.1043280e+01   3.1935883e+01
   3.1046573e+01   2.9293244e+01
   3.1030685e+01   2.8557562e+01
   3.0993281e+01   3.1439147e+01
   3.0938296e+01   2.7854345e+01
   3.0864877e+01   3.1339034e+01
   3.0773952e+01   2.7864604e+01
   3.0668206e+01   3.0962262e+01
   3.0545463e+01   3.1076335e+01
   3.0409698e+01   2.7899803e+01
   3.0260383e+01   3.1550091e+01
   3.0098285e+01   2.8169244e+01
   2.9925450e+01   3.0725981e+01
   2.9739388e+01   3.0041068e+01
   2.9543704e+01   3.0648340e+01
   2.9337465e+01   2.9719548e+01
   2.9121018e+01   2.6600069e+01
   2.8895996e+01   3.2130176e+01
   2.8661294e+01   2.7944143e+01
   2.8418890e+01   2.9107939e+01
   2.8167270e+01   2.8913689e+01
   2.7908033e+01   2.8623115e+01
   2.7639701e+01   2.8569941e+01
   2.7363921e+01   2.5411380e+01
   2.7081046e+01   2.8222257e+01
   2.6789735e+01   2.6864204e+01
   2.6491794e+01   2.4955442e+01
   2.6187728e+01   2.7724359e+01
   2.5876354e+01   2.2422999e+01
   2.5559617e+01   2.8711308e+01
   2.5238548e+01   2.4032914e+01
   2.4914246e+01   2.8093381e+01
   2.4588863e+01   2.4865854e+01
   2.4262928e+01   2.4400619e+01
   2.3937100e+01   3.2152418e+01
   2.3610775e+01   2.1512242e+01
   2.3285134e+01   2.5789855e+01
   2.2961368e+01   2.2161732e+01
   2.2640674e+01   2.5216763e+01
   2.2326021e+01   2.1506632e+01
   2.2017317e+01   2.0350832e+01
   2.1715847e+01   2.5608702e+01
   2.1422885e+01   1.8148742e+01
   2.1142829e+01   2.3344415e+01
   2.0873925e+01   1.9233102e+01
   2.0619285e+01   2.1181079e+01
   2.0380675e+01   2.1725296e+01
   2.0159482e+01   1.8465242e+01
   1.9957093e+01   2.1461044e+01
   1.9775278e+01   1.5520673e+01
   1.9615780e+01   2.1346585e+01
   1.9481681e+01   1.8326651e+01
   1.9371188e+01   1.8085944e+01
   1.9287274e+01   2.1062939e+01
   1.9229288e+01   1.7387355e+01
   1.9195992e+01   1.9806749e+01
   1.9190746e+01   1.9079722e+01
   1.9212213e+01   1.9308738e+01
   1.9260541e+01   2.0331910e+01
   1.9336944e+01   1.6010091e+01
   1.9439256e+01   2.1581230e+01
   1.9566742e+01   1.6361644e+01
   1.9719699e+01   2.3011857e+01
   1.9895018e+01   1.9433587e+01
   2.0092397e+01   1.9671157e+01
   2.0306370e+01   2.1399257e+01
   2.0535992e+01   1.8522518e+01
   2.0780029e+01   2.2675868e+01
   2.1033949e+01   1.9884378e+01
   2.1296565e+01   2.4240143e+01
   2.1563509e+01   2.2431783e+01
   2.1833113e+01   2.0787158e+01
   2.2100670e+01   2.5738237e+01
   2.2366484e+01   2.0891346e+01
   2.2624902e+01   2.3407525e+01
   2.2875425e+01   2.1104420e+01
   2.3116173e+01   2.2596688e+01
   2.3345709e+01   2.4977707e+01
   2.3561703e+01   2.0663339e+01
   2.3766772e+01   2.5867778e+01
   2.3957847e+01   2.2506417e+01
   2.4134052e+01   2.7548576e+01
   2.4297976e+01   2.4661262e+01
   2.4450804e+01   2.4682040e+01
   2.4595797e+01   3.4375835e+01
   2.4733405e+01   2.3850148e+01
   2.4865624e+01   2.5646303e+01
   2.4994540e+01   2.4590408e+01
   2.5122246e+01   2.4322815e+01
   2.5248988e+01   2.6082041e+01
   2.5376536e+01   2.4869035e+01
   2.5508118e+01   2.7621865e+01
   2.5644908e+01   2.4421943e+01
   2.5787754e+01   2.7225244e+01
   2.5935773e+01   2.4533317e+01
   2.6090776e+01   2.4151626e+01
   2.6251073e+01   2.4687452e+01
   2.6416320e+01   2.5162525e+01
   2.6585397e+01   2.9229053e+01
   2.6756841e+01   2.3985956e+01
   2.6925749e+01   2.8846006e+01
   2.7093101e+01   2.6600186e+01
   2.7255171e+01   2.7217671e+01
   2.7412553e+01   2.8866517e+01
   2.7559578e+01   2.5080984e+01
   2.7698151e+01   2.8893148e+01
   2.7823706e+01   2.6959357e+01
   2.7933609e+01   2.7791366e+01
   2.8025811e+01   2.9046607e+01
   2.8098497e+01   2.6904267e+01
   2.8148342e+01   2.8621159e+01
   2.8175371e+01   2.5138253e+01
   2.8178535e+01   2.9125987e+01
   2.8155334e+01   3.6370505e+01
   2.8106653e+01   2.9539492e+01
   2.8032328e+01   2.8422663e+01
   2.7933893e+01   2.6511007e+01
   2.7810139e+01   3.0866685e+01
   2.7663707e+01   2.5310349e+01
   2.7494479e+01   2.6962126e+01
   2.7304402e+01   2.8098180e+01
   2.7095714e+01   2.3920628e+01
   2.6872305e+01   2.8076856e+01
   2.6635263e+01   2.2765729e+01
   2.6385904e+01   2.7818307e+01
   2.6130567e+01   2.4323312e+01
   2.5869544e+01   2.6075919e+01
   2.5607679e+01   2.7015861e+01
   2.5348506e+01   2.4490154e+01
   2.5095577e+01   3.7267144e+01
   2.4850635e+01   2.0811145e+01
   2.4618384e+01   2.8303835e+01
   2.4401599e+01   2.3410653e+01
   2.4202835e+01   2.4370853e+01
   2.4024361e+01   2.7292556e+01
   2.3868509e+01   1.9257656e+01
   2.3737241e+01   2.7933454e+01
   2.3631727e+01   2.1825905e+01
   2.3552720e+01   2.3806469e+01
   2.3500537e+01   2.4295524e+01
   2.3476432e+01   3.0014081e+01
   2.3479936e+01   2.3230620e+01
   2.3508879e+01   2.2629625e+01
   2.3562087e+01   2.7542958e+01
   2.3638057e+01   2.1910113e+01
   2.3734999e+01   2.5727433e+01
   2.3850895e+01   2.6096324e+01
   2.3983557e+01   2.1325972e+01
   2.4130685e+01   3.4703200e+01
   2.4293070e+01   2.1140429e+01
   2.4465384e+01   2.6545704e+01
   2.4648244e+01   2.5690757e+01
   2.4836231e+01   2.2128447e+01
   2.5028949e+01   3.3730907e+01
   2.5223076e+01   2.4014281e+01
   2.5418581e+01   2.9267328e+01
   2.5614301e+01   2.4283493e+01
   2.5809319e+01   2.4834047e+01
   2.6001195e+01   2.7719716e+01
   2.6189413e+01   2.2914509e+01
   2.6373595e+01   2.8079960e+01
   2.6554861e+01   2.3858416e+01
   2.6731374e+01   2.8298379e+01
   2.6904915e+01   2.4831756e+01
   2.7075644e+01   2.8203219e+01
   2.7242079e+01   2.7347009e+01
   2.7404530e+01   2.5520497e+01
   2.7563316e+01   3.1230349e+01
   2.7718748e+01   2.5909521e+01
   2.7869744e+01   2.8150786e+01
   2.8018260e+01   2.9149455e+01
   2.8163081e+01   2.7525758e+01
   2.8309567e+01   3.2317784e+01
   2.8453806e+01   2.7186418e+01
   2.8597688e+01   3.2150384e+01
   2.8741341e+01   2.6107660e+01
   2.8883516e+01   2.9451394e+01
   2.9026025e+01   3.0649906e+01
   2.9167140e+01   2.5997009e+01
   2.9306809e+01   3.0366382e+01
   2.9446646e+01   3.3348706e+01
   2.9586480e+01   3.2373010e+01
   2.9726111e+01   2.7850673e+01
   2.9865309e+01   2.8753261e+01
   3.0003806e+01   3.1975274e+01
   3.0139518e+01   2.7126258e+01
   3.0271996e+01   3.1738144e+01
   3.0400647e+01   2.7411210e+01
   3.0526112e+01   2.9913456e+01
   3.0647601e+01   2.9877774e+01
   3.0762493e+01   3.5318206e+01
   3.0871181e+01   3.2220497e+01
   3.0971264e+01   3.0167633e+01
   3.1061611e+01   3.3084131e+01
   3.1142381e+01   2.8749375e+01
   3.1212381e+01   3.2466314e+01
   3.1270464e+01   3.1927328e+01
   3.1315566e+01   2.9192277e+01
   3.1346730e+01   3.5710431e+01
   3.1363145e+01   2.9017114e+01
   3.1362798e+01   3.4175243e+01
   3.1346942e+01   3.2687926e+01
   3.1315296e+01   2.8827397e+01
   3.1267832e+01   3.4719174e+01
   3.1204786e+01   2.9852759e+01
   3.1126659e+01   3.4607077e+01
   3.1034216e+01   2.9773942e+01
   3.0927095e+01   3.1095931e+01
   3.0808227e+01   2.9765305e+01
   3.0677215e+01   3.0197698e+01
   3.0536891e+01   3.3796480e+01
   3.0388834e+01   3.4898170e+01
   3.0234706e+01   3.0981538e+01
   3.0074429e+01   3.0601899e+01
   2.9909591e+01   3.0900864e+01
   2.9743405e+01   2.9373660e+01
   2.9577215e+01   2.8924817e+01
   2.9412234e+01   3.3124285e+01
   2.9247744e+01   2.8608659e+01
   2.9085899e+01   3.0602038e+01
   2.8927279e+01   3.0655176e+01
   2.8772254e+01   2.6321666e+01
   2.8620996e+01   3.2281475e+01
   2.8470750e+01   2.7495090e+01
   2.8324729e+01   3.1077376e+01
   2.8182503e+01   2.6934747e+01
   2.8043566e+01   2.8605049e+01
   2.7907378e+01   2.9090062e+01
   2.7775166e+01   2.5499593e+01
   2.7646511e+01   2.9967000e+01
   2.7519381e+01   2.5822215e+01
   2.7393606e+01   3.0120234e+01
   2.7269131e+01   2.8170083e+01
   2.7146032e+01   2.8201735e+01
   2.7024518e+01   2.8525906e+01
   2.6904936e+01   2.4034166e+01
   2.6789130e+01   3.0631653e+01
   2.6675989e+01   2.6462995e+01
   2.6569389e+01   2.6024947e+01
   2.6467137e+01   2.7992425e+01
   2.6370199e+01   2.3328668e+01
   2.6282677e+01   2.8095686e+01
   2.6202508e+01   2.1912610e+01
   2.6132476e+01   2.6743093e+01
   2.6073586e+01   2.3871762e+01
   2.6025045e+01   2.6085171e+01
   2.5987694e+01   2.7847798e+01
   2.5962222e+01   2.2014763e+01
   2.5947386e+01   2.9671105e+01
   2.5944826e+01   2.5084960e+01
   2.5954625e+01   2.7551457e+01
   2.5976683e+01   2.7557390e+01
   2.6010720e+01   2.3416878e+01
   2.6056279e+01   2.9777755e+01
   2.6112743e+01   2.2585649e+01
   2.6179337e+01   2.7169626e+01
   2.6253375e+01   2.4658621e+01
   2.6333325e+01   2.7468054e+01
   2.6419212e+01   2.7897473e+01
   2.6509570e+01   2.5886458e+01
   2.6605979e+01   3.0362986e+01
   2.6703831e+01   2.6059625e+01
   2.6803392e+01   2.9968928e+01
   2.6901868e+01   2.4979042e+01
   2.6999249e+01   2.7632210e+01
   2.7092541e+01   2.9851280e+01
   2.7182391e+01   2.5070605e+01
   2.7266532e+01   3.9280767e+01
   2.7344254e+01   2.4456385e+01
   2.7416430e+01   3.0137071e+01
   2.7481098e+01   2.9298160e+01
   2.7540071e+01   2.5851678e+01
   2.7592341e+01   2.8008410e+01
   2.7638512e+01   2.6544053e+01
   2.7679411e+01   2.8804280e+01
   2.7716059e+01   2.5523127e+01
   2.7751404e+01   2.8870071e+01
   2.7785455e+01   2.7341939e+01
   2.7819669e+01   2.4235386e+01
   2.7855922e+01   3.1650446e+01
   2.7896072e+01   2.5740663e+01
   2.7941515e+01   3.9636802e+01
   2.7995309e+01   2.7729174e+01
   2.8057304e+01   2.6428631e+01
   2.8128541e+01   2.9878916e+01
   2.8211623e+01   2.5666393e+01
   2.8305871e+01   2.9838769e+01
   2.8413521e+01   2.7886182e+01
   2.8535301e+01   3.0058244e+01
   2.8668674e+01   2.7043693e+01
   2.8817131e+01   2.6935780e+01
   2.8979179e+01   3.0869486e+01
   2.9153202e+01   2.8017773e+01
   2.9342310e+01   3.2180312e+01
   2.9543338e+01   2.8641259e+01
   2.9759275e+01   2.8215520e+01
   2.9988250e+01   3.9082494e+01
   3.0229750e+01   2.8656913e+01
   3.0483239e+01   3.3435379e+01
   3.0751297e+01   2.7443561e+01
   3.1030347e+01   3.8727994e+01
   3.1319904e+01   2.9553921e+01
   3.1619416e+01   2.9365536e+01
   3.1928249e+01   3.2935065e+01
   3.2247444e+01   3.8907815e+01
   3.2574878e+01   3.3199139e+01
   3.2909698e+01   3.1626360e+01
   3.3252316e+01   4.2726976e+01
   3.3601336e+01   3.4202602e+01
   3.3953949e+01   3.3094951e+01
   3.4308996e+01   3.5821464e+01
   3.4665606e+01   3.4027648e+01
   3.5022834e+01   3.6435902e+01
   3.5377924e+01   3.3671698e+01
   3.5731172e+01   3.5794171e+01
   3.6081128e+01   3.9358996e+01
   3.6426386e+01   3.2593274e+01
   3.6764242e+01   4.0525612e+01
   3.7095144e+01   3.4652616e+01
   3.7417891e+01   3.8059559e+01
   3.7729640e+01   3.8997348e+01
   3.8030743e+01   3.7103389e+01
   3.8318934e+01   3.9229912e+01
   3.8595142e+01   3.5010993e+01
   3.8858664e+01   4.1194873e+01
   3.9108930e+01   3.6398066e+01
   3.9343717e+01   3.7780288e+01
   3.9562599e+01   4.0755892e+01
   3.9765155e+01   3.5951643e+01
   3.9952338e+01   4.3572465e+01
   4.0120649e+01   3.9248660e+01
   4.0272769e+01   4.1498095e+01
   4.0406515e+01   3.9244341e+01
   4.0519666e+01   4.0679617e+01
   4.0614784e+01   4.2927338e+01
   4.0689563e+01   3.7620941e+01
   4.0743425e+01   4.4542411e+01
   4.0775768e+01   3.9108249e+01
   4.0785976e+01   4.3338309e+01
   4.0772068e+01   4.0492650e+01
   4.0736523e+01   3.7579447e+01
   4.0677445e+01   4.1239001e+01
   4.0596158e+01   3.9475926e+01
   4.0490639e+01   4.3393143e+01
   4.0360754e+01   4.0128231e+01
   4.0208279e+01   4.2034988e+01
   4.0032089e+01   4.3144691e+01
   3.9834382e+01   3.6786101e+01
   3.9615857e+01   4.2359405e+01
   3.9377492e+01   3.9025005e+01
   3.9119164e+01   4.0762896e+01
   3.8844077e+01   3.9266895e+01
   3.8553926e+01   3.8533549e+01
   3.8252408e+01   3.9719427e+01
   3.7940379e+01   4.3145165e+01
   3.7618878e+01   4.1478086e+01
   3.7292153e+01   4.5315376e+01
   3.6962795e+01   3.6298019e+01
   3.6633457e+01   3.8167298e+01
   3.6308575e+01   3.2997743e+01
   3.5989492e+01   3.9210149e+01
   3.5678845e+01   3.4866059e+01
   3.5377768e+01   3.7734757e+01
   3.5090286e+01   3.6166710e+01
   3.4818446e+01   3.4757793e+01
   3.4564051e+01   3.7910362e+01
   3.4330400e+01   3.0432223e+01
   3.4117440e+01   3.6330555e+01
   3.3926187e+01   2.9897921e+01
   3.3757343e+01   3.6430508e+01
   3.3611295e+01   3.3373596e+01
   3.3489494e+01   3.1392782e+01
   3.3390028e+01   3.5117833e+01
   3.3312459e+01   3.2470096e+01
   3.3256082e+01   4.4155258e+01
   3.3219948e+01   3.0491621e+01
   3.3202897e+01   3.3932231e+01
   3.3204963e+01   3.3437279e+01
   3.3224742e+01   3.1740576e+01
   3.3260800e+01   3.4833284e+01
   3.3309939e+01   3.1164273e+01
   3.3372055e+01   3.5051679e+01
   3.3443958e+01   3.3266354e+01
   3.3525608e+01   3.2385044e+01
   3.3615297e+01   3.6806852e+01
   3.3710064e+01   3.2806968e+01
   3.3811914e+01   3.6832990e+01
   3.3916799e+01   3.1394072e+01
   3.4025272e+01   3.6419221e+01
   3.4134915e+01   3.3042548e+01
   3.4246538e+01   3.1925089e+01
   3.4357976e+01   3.4881925e+01
   3.4468912e+01   3.0582378e+01
   3.4579099e+01   3.6231746e+01
   3.4689729e+01   3.2683872e+01
   3.4798980e+01   3.5325753e+01
   3.4906836e+01   3.4799844e+01
   3.5013295e+01   3.4109493e+01
   3.5118364e+01   3.6416536e+01
   3.5222043e+01   3.1644313e+01
   3.5324313e+01   3.4806705e+01
   3.5425132e+01   3.5589462e+01
   3.5524422e+01   3.4350271e+01
   3.5622067e+01   3.6690491e+01
   3.5716538e+01   3.2194661e+01
   3.5809332e+01   3.6770537e+01
   3.5900152e+01   3.3123369e+01
   3.5988682e+01   3.7078536e+01
   3.6074594e+01   3.7259781e+01
   3.6157560e+01   3.4434490e+01
   3.6234111e+01   4.0473389e+01
   3.6306916e+01   3.3609777e+01
   3.6375522e+01   3.6463368e+01
   3.6439511e+01   3.6900563e+01
   3.6498503e+01   3.5415102e+01
   3.6552165e+01   3.5382460e+01
   3.6600216e+01   4.0423475e+01
   3.6641055e+01   4.0347720e+01
   3.6676204e+01   3.4941467e+01
   3.6705488e+01   3.7775789e+01
   3.6727028e+01   3.6945350e+01
   3.6742070e+01   3.5507133e+01
   3.6750538e+01   3.8894366e+01
   3.6752409e+01   3.4290115e+01
   3.6745939e+01   3.7487799e+01
   3.6732479e+01   3.5603203e+01
   3.6710269e+01   3.6764666e+01
   3.6680631e+01   3.6155833e+01
   3.6643529e+01   3.3724477e+01
   3.6597569e+01   3.7771548e+01
   3.6542670e+01   3.4958530e+01
   3.6480064e+01   3.7687256e+01
   3.6409631e+01   3.5086621e+01
   3.6331280e+01   3.7115827e+01
   3.6246721e+01   3.7331692e+01
   3.6154656e+01   3.3973819e+01
   3.6053448e+01   3.9847801e+01
   3.5943213e+01   3.4776644e+01
   3.5825826e+01   3.7160658e+01
   3.5699714e+01   3.6401645e+01
   3.5566448e+01   3.3472311e+01
   3.5426317e+01   3.8413941e+01
   3.5277932e+01   3.2293630e+01
   3.5123044e+01   3.8052423e+01
   3.4962110e+01   3.2643818e+01
   3.4793884e+01   3.5178878e+01
   3.4618465e+01   3.7787014e+01
   3.4435898e+01   3.3863532e+01
   3.4247919e+01   3.6038154e+01
   3.4053107e+01   3.0516121e+01
   3.3853064e+01   3.5569019e+01
   3.3647973e+01   3.3457563e+01
   3.3437958e+01   3.3579598e+01
   3.3223086e+01   3.3313698e+01
   3.3003372e+01   3.1985451e+01
   3.2777015e+01   3.3568525e+01
   3.2545242e+01   3.0225321e+01
   3.2306115e+01   3.4060330e+01
   3.2060756e+01   3.3735387e+01
   3.1808937e+01   2.9938286e+01
   3.1548712e+01   3.3184768e+01
   3.1282646e+01   2.7650203e+01
   3.1008967e+01   3.4273880e+01
   3.0726018e+01   2.8768987e+01
   3.0435334e+01   2.9648070e+01
   3.0137216e+01   3.1304579e+01
   2.9832119e+01   2.6563964e+01
   2.9520655e+01   3.3997386e+01
   2.9203587e+01   2.7431654e+01
   2.8880049e+01   3.0421446e+01
   2.8552358e+01   2.9872227e+01
   2.8221151e+01   2.8019437e+01
   2.7885352e+01   2.8048250e+01
   2.7547355e+01   2.6973812e+01
   2.7208165e+01   3.0892599e+01
   2.6868348e+01   2.4381399e+01
   2.6528403e+01   2.7160041e+01
   2.6190505e+01   2.6893544e+01
   2.5851887e+01   2.4637378e+01
   2.5512722e+01   2.7849396e+01
   2.5174735e+01   2.2333920e+01
   2.4839524e+01   2.7393593e+01
   2.4507283e+01   2.5030698e+01
   2.4176820e+01   2.3246868e+01
   2.3848256e+01   2.3825773e+01
   2.3520303e+01   2.1946177e+01
   2.3194735e+01   2.5504182e+01
   2.2872965e+01   1.9037976e+01
   2.2553405e+01   2.3995106e+01
   2.2236314e+01   2.1811161e+01
   2.1923419e+01   1.9145874e+01
   2.1613493e+01   2.3032879e+01
   2.1305411e+01   1.8831278e+01
   2.1002586e+01   2.1570915e+01
   2.0704078e+01   1.8526084e+01
   2.0409014e+01   2.1336040e+01
   2.0120994e+01   2.1776768e+01
   1.9840563e+01   1.6830324e+01
   1.9566547e+01   2.1251618e+01
   1.9299459e+01   1.8988122e+01
   1.9041464e+01   2.0968882e+01
   1.8793287e+01   1.8907511e+01
   1.8555966e+01   1.9083244e+01
   1.8328685e+01   2.1810617e+01
   1.8111836e+01   1.5030130e+01
   1.7907419e+01   2.2244087e+01
   1.7717378e+01   1.5038859e+01
   1.7540561e+01   2.0040589e+01
   1.7377188e+01   1.8245216e+01
   1.7227506e+01   1.5592868e+01
   1.7090448e+01   1.7715708e+01
   1.6967701e+01   1.3125080e+01
   1.6857921e+01   1.8574568e+01
   1.6761574e+01   1.6714572e+01
   1.6680552e+01   1.7834057e+01
   1.6613728e+01   1.7872059e+01
   1.6561769e+01   1.4098574e+01
   1.6525346e+01   1.9465509e+01
   1.6505101e+01   1.3890055e+01
   1.6501604e+01   1.8165606e+01
   1.6514913e+01   1.6434309e+01
   1.6544908e+01   1.4687613e+01
   1.6594779e+01   2.0072411e+01
   1.6662698e+01   1.3623631e+01
   1.6746611e+01   1.9139904e+01
   1.6845904e+01   1.6232610e+01
   1.6959232e+01   1.8753761e+01
   1.7084911e+01   1.6552969e+01
   1.7221337e+01   1.5256280e+01
   1.7368001e+01   1.9058062e+01
   1.7522474e+01   1.3391781e+01
   1.7680865e+01   1.7888450e+01
   1.7840938e+01   1.5909128e+01
   1.7999051e+01   1.5612137e+01
   1.8154665e+01   2.0746251e+01
   1.8305595e+01   1.4848606e+01
   1.8449845e+01   2.0593855e+01
   1.8585657e+01   1.5384988e+01
   1.8711558e+01   1.8442827e+01
   1.8826383e+01   1.7448489e+01
   1.8929292e+01   1.9030564e+01
   1.9019770e+01   2.2777857e+01
   1.9097618e+01   1.4968577e+01
   1.9164302e+01   2.0586347e+01
   1.9218489e+01   1.6120943e+01
   1.9260834e+01   1.9776515e+01
   1.9293542e+01   2.1310302e+01
   1.9315889e+01   1.8990771e+01
   1.9330777e+01   2.1986673e+01
   1.9339476e+01   1.5108371e+01
   1.9341589e+01   2.1980889e+01
   1.9340241e+01   1.9145797e+01
   1.9334091e+01   1.9550578e+01
   1.9324813e+01   2.0992841e+01
   1.9315317e+01   1.8256505e+01
   1.9308457e+01   2.0690362e+01
   1.9302594e+01   1.6198198e+01
   1.9299085e+01   1.8153902e+01
   1.9299142e+01   2.0754600e+01
   1.9305213e+01   1.8844952e+01
   1.9316539e+01   2.3415583e+01
   1.9335357e+01   1.7496844e+01
   1.9362058e+01   2.1679881e+01
   1.9396950e+01   1.9731723e+01
   1.9440241e+01   1.8376624e+01
   1.9492026e+01   1.9652179e+01
   1.9550508e+01   1.7081110e+01
   1.9615036e+01   2.2967079e+01
   1.9684714e+01   1.5745610e+01
   1.9760156e+01   1.9940891e+01
   1.9840416e+01   2.1743015e+01
   1.9923975e+01   1.8007297e+01
   2.0007365e+01   2.2992316e+01
   2.0089025e+01   1.6338328e+01
   2.0168931e+01   2.3585458e+01
   2.0245179e+01   1.9198722e+01
   2.0314026e+01   2.0872306e+01
   2.0376138e+01   2.2685383e+01
   2.0427756e+01   1.8169386e+01
   2.0466958e+01   2.2862335e+01
   2.0491937e+01   1.6279153e+01
   2.0502834e+01   3.0396200e+01
   2.0496969e+01   2.0419323e+01
   2.0473330e+01   2.0596277e+01
   2.0431243e+01   2.2322524e+01
   2.0370409e+01   1.6375997e+01
   2.0290922e+01   2.1413814e+01
   2.0195056e+01   1.9317083e+01
   2.0080662e+01   2.2925884e+01
   1.9950415e+01   1.9175591e+01
   1.9805974e+01   1.7830380e+01
   1.9649307e+01   2.0065748e+01
   1.9482636e+01   1.5187211e+01
   1.9306604e+01   2.0860407e+01
   1.9126798e+01   1.8128042e+01
   1.8944409e+01   2.7273622e+01
   1.8761975e+01   1.9309227e+01
   1.8583701e+01   1.8145370e+01
   1.8412345e+01   2.0735339e+01
   1.8249175e+01   1.4439320e+01
   1.8096601e+01   1.9663073e+01
   1.7956385e+01   1.6080020e+01
   1.7830414e+01   1.4874294e+01
   1.7720301e+01   1.8424159e+01
   1.7626996e+01   1.5293139e+01
   1.7552970e+01   1.8398813e+01
   1.7496025e+01   1.4002300e+01
   1.7458190e+01   1.7598303e+01
   1.7439551e+01   1.8664021e+01
   1.7440033e+01   1.3976422e+01
   1.7459426e+01   1.9814582e+01
   1.7497392e+01   1.6315881e+01
   1.7553478e+01   2.0818926e+01
   1.7627119e+01   1.7638178e+01
   1.7719409e+01   1.6884563e+01
   1.7828274e+01   1.8874413e+01
   1.7952902e+01   1.5629716e+01
   1.8093743e+01   1.9939908e+01
   1.8249428e+01   1.6774031e+01
   1.8418534e+01   1.9704760e+01
   1.8599963e+01   1.7496005e+01
   1.8791185e+01   1.9172639e+01
   1.8992293e+01   2.1775056e+01
   1.9201584e+01   1.7859397e+01
   1.9415971e+01   2.2837960e+01
   1.9634072e+01   2.7914453e+01
   1.9854468e+01   2.2151779e+01
   2.0077116e+01   2.1521164e+01
   2.0300715e+01   2.0181416e+01
   2.0522739e+01   2.2856224e+01
   2.0742135e+01   1.9279185e+01
   2.0959740e+01   2.4031268e+01
   2.1172108e+01   1.8826733e+01
   2.1380390e+01   2.0722758e+01
   2.1584141e+01   2.1812499e+01
   2.1783084e+01   1.9259187e+01
   2.1977095e+01   2.6287746e+01
   2.2166183e+01   2.0125638e+01
   2.2350868e+01   2.2571644e+01
   2.2533136e+01   2.4675209e+01
   2.2711592e+01   2.0132058e+01
   2.2886656e+01   2.4902060e+01
   2.3056985e+01   2.1402300e+01
   2.3224282e+01   2.6936090e+01
   2.3390197e+01   2.3787479e+01
   2.3551877e+01   2.3527511e+01
   2.3709439e+01   2.3932299e+01
   2.3864188e+01   2.2345275e+01
   2.4014569e+01   2.7561109e+01
   2.4158834e+01   2.1274158e+01
   2.4298109e+01   2.4001439e+01
   2.4433346e+01   2.2270421e+01
   2.4563654e+01   2.2051266e+01
   2.4686715e+01   2.4764299e+01
   2.4801461e+01   2.3568036e+01
   2.4908105e+01   2.6148759e+01
   2.5004120e+01   2.1576596e+01
   2.5090080e+01   2.6916663e+01
   2.5164863e+01   2.5145422e+01
   2.5227456e+01   2.3587646e+01
   2.5276985e+01   2.8879885e+01
   2.5312737e+01   2.2911716e+01
   2.5334192e+01   2.7282854e+01
   2.5341044e+01   2.5183884e+01
   2.5333211e+01   2.6976899e+01
   2.5309478e+01   2.8287173e+01
   2.5273710e+01   2.1211818e+01
   2.5225196e+01   2.8223748e+01
   2.5164848e+01   2.1561102e+01
   2.5093812e+01   2.7252400e+01
   2.5013433e+01   2.3107686e+01
   2.4923857e+01   2.3767359e+01
   2.4828424e+01   3.4817025e+01
   2.4728806e+01   2.3992880e+01
   2.4626728e+01   2.8875098e+01
   2.4525697e+01   2.2781878e+01
   2.4426130e+01   2.5450252e+01
   2.4329748e+01   2.3317790e+01
   2.4238168e+01   2.4148509e+01
   2.4153262e+01   2.5556565e+01
   2.4076746e+01   2.2191713e+01
   2.4009766e+01   2.4659235e+01
   2.3951912e+01   2.5139364e+01
   2.3905641e+01   2.2997024e+01
   2.3871443e+01   2.4114028e+01
   2.3849617e+01   2.3471786e+01
   2.3840266e+01   2.6713286e+01
   2.3843309e+01   2.1252008e+01
   2.3858490e+01   2.3182990e+01
   2.3884014e+01   2.2255536e+01
   2.3922777e+01   2.3842341e+01
   2.3970959e+01   2.6035736e+01
   2.4029076e+01   2.1199826e+01
   2.4097559e+01   2.4725056e+01
   2.4173703e+01   2.1430260e+01
   2.4256505e+01   2.5215087e+01
   2.4344914e+01   2.3975626e+01
   2.4437448e+01   2.1252546e+01
   2.4532591e+01   2.7971018e+01
   2.4629202e+01   2.2763056e+01
   2.4727501e+01   2.7931002e+01
   2.4824651e+01   2.3454627e+01
   2.4919597e+01   2.4001927e+01
   2.5011315e+01   2.6953255e+01
   2.5098832e+01   2.4492272e+01
   2.5182613e+01   2.9397259e+01
   2.5260143e+01   2.2583353e+01
   2.5330767e+01   2.6556059e+01
   2.5393930e+01   2.4400769e+01
   2.5449194e+01   2.2159074e+01
   2.5496246e+01   2.6199552e+01
   2.5534906e+01   2.5020096e+01
   2.5565131e+01   2.7981322e+01
   2.5587016e+01   2.6064316e+01
   2.5600788e+01   2.5031821e+01
   2.5606803e+01   2.5174976e+01
   2.5605531e+01   2.1622782e+01
   2.5596175e+01   2.6584271e+01
   2.5579316e+01   2.4093546e+01
   2.5556899e+01   2.5332065e+01
   2.5529539e+01   2.4860253e+01
   2.5497875e+01   2.5817204e+01
   2.5462549e+01   2.6196602e+01
   2.5422409e+01   2.2651428e+01
   2.5379318e+01   2.6222031e+01
   2.5333702e+01   2.2447380e+01
   2.5284530e+01   2.7261049e+01
   2.5233754e+01   2.5151336e+01
   2.5181477e+01   2.3831122e+01
   2.5127728e+01   2.8287286e+01
   2.5069326e+01   2.2415928e+01
   2.5009149e+01   2.6712497e+01
   2.4946886e+01   2.5795400e+01
   2.4882200e+01   2.5240184e+01
   2.4814744e+01   2.6377048e+01
   2.4744182e+01   2.1149644e+01
   2.4670208e+01   2.6497605e+01
   2.4592569e+01   2.2407367e+01
   2.4511078e+01   2.5802651e+01
   2.4425635e+01   2.4325887e+01
   2.4338005e+01   2.4143440e+01
   2.4245636e+01   2.6264541e+01
   2.4151908e+01   1.9779347e+01
   2.4055503e+01   2.5301237e+01
   2.3956988e+01   2.4539085e+01
   2.3857041e+01   2.5824167e+01
   2.3756431e+01   3.1263291e+01
   2.3656003e+01   2.1325755e+01
   2.3558030e+01   2.7987416e+01
   2.3463520e+01   2.1464138e+01
   2.3372194e+01   2.3399946e+01
   2.3285129e+01   2.2510374e+01
   2.3203361e+01   2.3110789e+01
   2.3127859e+01   2.6727273e+01
   2.3059507e+01   2.0446658e+01
   2.3000850e+01   2.7069495e+01
   2.2951259e+01   2.1119187e+01
   2.2911352e+01   2.5192282e+01
   2.2883382e+01   2.2375731e+01
   2.2866407e+01   2.0449180e+01
   2.2860727e+01   2.6167951e+01
   2.2866508e+01   1.9182982e+01
   2.2883784e+01   2.3237305e+01
   2.2912466e+01   2.3752873e+01
   2.2954113e+01   2.2289749e+01
   2.3007122e+01   2.4361159e+01
   2.3071172e+01   2.1976815e+01
   2.3145860e+01   2.5138583e+01
   2.3230713e+01   1.9535244e+01
   2.3328333e+01   2.3417811e+01
   2.3436922e+01   2.2824760e+01
   2.3554717e+01   2.2762769e+01
   2.3683073e+01   2.4881111e+01
   2.3820263e+01   2.2746181e+01
   2.3969068e+01   2.6948247e+01
   2.4126144e+01   2.1500010e+01
   2.4293058e+01   2.5682852e+01
   2.4470088e+01   2.6179407e+01
   2.4654067e+01   2.1820174e+01
   2.4846269e+01   2.9031335e+01
   2.5046587e+01   2.1528819e+01
   2.5254500e+01   2.5500483e+01
   2.5469442e+01   2.4386446e+01
   2.5689404e+01   2.2567575e+01
   2.5915341e+01   2.9437999e+01
   2.6144944e+01   2.4722835e+01
   2.6378825e+01   2.7432058e+01
   2.6614292e+01   2.3073693e+01
   2.6849763e+01   2.8906129e+01
   2.7083376e+01   2.6485655e+01
   2.7314752e+01   2.4781547e+01
   2.7538793e+01   2.9302569e+01
   2.7754570e+01   2.5643559e+01
   2.7957370e+01   3.2033454e+01
   2.8147093e+01   2.5999182e+01
   2.8322575e+01   2.6417296e+01
   2.8479567e+01   2.9348181e+01
   2.8615252e+01   2.5261308e+01
   2.8726953e+01   3.2258689e+01
   2.8810443e+01   2.4841554e+01
   2.8863482e+01   2.9755358e+01
   2.8885893e+01   3.0521912e+01
   2.8876188e+01   2.6408430e+01
   2.8833397e+01   3.1184116e+01
   2.8757116e+01   2.6439880e+01
   2.8647536e+01   3.0179829e+01
   2.8504082e+01   2.6613867e+01
   2.8329841e+01   3.5325174e+01
   2.8126714e+01   2.9517205e+01
   2.7897537e+01   2.6035904e+01
   2.7645631e+01   2.8170887e+01
   2.7374335e+01   2.4197755e+01
   2.7087320e+01   2.8147349e+01
   2.6788482e+01   2.6142170e+01
   2.6481845e+01   2.6884792e+01
   2.6171847e+01   2.7245974e+01
   2.5862865e+01   2.1965137e+01
   2.5558723e+01   2.7730473e+01
   2.5263017e+01   2.2834869e+01
   2.4979034e+01   2.6154480e+01
   2.4708322e+01   2.1925201e+01
   2.4453707e+01   2.4198163e+01
   2.4218879e+01   2.5786977e+01
   2.4003945e+01   2.2422294e+01
   2.3811636e+01   2.6481299e+01
   2.3641114e+01   2.4081579e+01
   2.3494197e+01   2.4498430e+01
   2.3369192e+01   2.2699425e+01
   2.3265755e+01   1.9668081e+01
   2.3185924e+01   2.7479952e+01
   2.3126661e+01   2.1047038e+01
   2.3086494e+01   2.4449870e+01
   2.3066927e+01   2.2692466e+01
   2.3063231e+01   2.2090912e+01
   2.3075115e+01   2.2790085e+01
   2.3099192e+01   2.2142302e+01
   2.3135211e+01   2.4878486e+01
   2.3179890e+01   2.2303765e+01
   2.3233141e+01   2.4526464e+01
   2.3295035e+01   2.3012563e+01
   2.3362764e+01   2.2703199e+01
   2.3433707e+01   2.5230221e+01
   2.3508504e+01   2.1581996e+01
   2.3586222e+01   2.5466345e+01
   2.3669267e+01   2.2117880e+01
   2.3752729e+01   2.5276499e+01
   2.3835323e+01   2.6150892e+01
   2.3918899e+01   2.2951351e+01
   2.4003611e+01   2.8473652e+01
   2.4089662e+01   2.2885228e+01
   2.4180439e+01   2.7639576e+01
   2.4273219e+01   2.3508925e+01
   2.4368418e+01   2.4928448e+01
   2.4466421e+01   2.6035735e+01
   2.4567565e+01   2.1808573e+01
   2.4672122e+01   2.5797664e+01
   2.4780286e+01   2.4238554e+01
   2.4892159e+01   2.5406187e+01
   2.5007742e+01   2.7220990e+01
   2.5126937e+01   2.3645033e+01
   2.5248164e+01   2.7548716e+01
   2.5372809e+01   2.1750784e+01
   2.5500399e+01   2.7788994e+01
   2.5632159e+01   2.3482190e+01
   2.5766188e+01   2.7106891e+01
   2.5901920e+01   2.5871143e+01
   2.6037382e+01   2.2355928e+01
   2.6173654e+01   2.9883923e+01
   2.6310050e+01   3.1518225e+01
   2.6445913e+01   2.8108369e+01
   2.6580616e+01   2.8314300e+01
   2.6713578e+01   2.4584026e+01
   2.6844272e+01   2.9850264e+01
   2.6972230e+01   2.5961259e+01
   2.7097047e+01   3.0867015e+01
   2.7218384e+01   2.4736075e+01
   2.7335966e+01   2.9238672e+01
   2.7449581e+01   2.8902533e+01
   2.7559072e+01   2.3734639e+01
   2.7664334e+01   3.0442611e+01
   2.7765304e+01   2.6380697e+01
   2.7861953e+01   2.9313425e+01
   2.7954277e+01   2.8707983e+01
   2.8042690e+01   2.8473148e+01
   2.8127628e+01   3.0655992e+01
   2.8209162e+01   2.6199984e+01
   2.8289164e+01   3.2741581e+01
   2.8366473e+01   2.7897890e+01
   2.8441341e+01   2.9098937e+01
   2.8515823e+01   2.9459675e+01
   2.8587581e+01   2.7191129e+01
   2.8658760e+01   2.9660893e+01
   2.8729789e+01   2.6215152e+01
   2.8802913e+01   3.2380220e+01
   2.8877366e+01   2.8392193e+01
   2.8952420e+01   3.0379685e+01
   2.9030438e+01   3.1275946e+01
   2.9112031e+01   2.7861223e+01
   2.9199579e+01   3.3151511e+01
   2.9292380e+01   2.6366014e+01
   2.9389295e+01   3.0950705e+01
   2.9490794e+01   2.7756441e+01
   2.9598935e+01   2.7247652e+01
   2.9713886e+01   2.9891432e+01
   2.9835671e+01   2.9152033e+01
   2.9964159e+01   3.1643807e+01
   3.0099044e+01   2.9265938e+01
   3.0241620e+01   3.6882398e+01
   3.0389951e+01   3.2529042e+01
   3.0543324e+01   2.9716700e+01
   3.0700892e+01   3.3508281e+01
   3.0861693e+01   2.8789703e+01
   3.1024679e+01   3.3637873e+01
   3.1188747e+01   2.9748883e+01
   3.1351394e+01   2.9292532e+01
   3.1514967e+01   3.3958524e+01
   3.1677041e+01   2.8325591e+01
   3.1836658e+01   3.3602227e+01
   3.1994753e+01   3.1528313e+01
   3.2149349e+01   4.0962244e+01
   3.2300003e+01   3.1857141e+01
   3.2446446e+01   2.9890756e+01
   3.2588573e+01   3.5231082e+01
   3.2726442e+01   2.8668661e+01
   3.2862022e+01   3.5982845e+01
   3.2994353e+01   3.2301737e+01
   3.3123956e+01   3.3209527e+01
   3.3251430e+01   3.5711631e+01
   3.3377420e+01   3.0642095e+01
   3.3502586e+01   3.5176040e+01
   3.3627566e+01   3.1908539e+01
   3.3752951e+01   3.4155904e+01
   3.3879249e+01   3.1786550e+01
   3.4006871e+01   3.3999356e+01
   3.4132960e+01   3.5411274e+01
   3.4260643e+01   3.1506007e+01
   3.4389761e+01   3.5327788e+01
   3.4518632e+01   3.3792311e+01
   3.4648500e+01   3.6200457e+01
   3.4778715e+01   3.3257832e+01
   3.4907144e+01   3.2243490e+01
   3.5034631e+01   3.6953030e+01
   3.5160192e+01   3.3216638e+01
   3.5282815e+01   3.6406385e+01
   3.5398335e+01   3.5290953e+01
   3.5508731e+01   3.6612009e+01
   3.5612888e+01   3.8318432e+01
   3.5709762e+01   3.4631853e+01
   3.5798414e+01   3.9186071e+01
   3.5876649e+01   3.4688623e+01
   3.5945478e+01   4.4780107e+01
   3.6003908e+01   3.4412981e+01
   3.6049339e+01   3.5345176e+01
   3.6082770e+01   3.7047691e+01
   3.6102200e+01   3.2471370e+01
   3.6107039e+01   3.8586075e+01
   3.6098496e+01   3.4136481e+01
   3.6078268e+01   3.8310372e+01
   3.6043708e+01   3.8338254e+01
   3.6000242e+01   3.4659313e+01
   3.5947280e+01   3.6812446e+01
   3.5885814e+01   3.4749853e+01
   3.5815280e+01   3.6553580e+01
   3.5736622e+01   3.3237013e+01
   3.5652690e+01   3.4689564e+01
   3.5563411e+01   3.8908052e+01
   3.5468852e+01   3.3171388e+01
   3.5370509e+01   3.6191215e+01
   3.5271288e+01   3.4978109e+01
   3.5171451e+01   3.7435284e+01
   3.5074395e+01   3.5650443e+01
   3.4981799e+01   3.5377601e+01
   3.4895349e+01   3.7763713e+01
   3.4818467e+01   3.2669870e+01
   3.4751433e+01   3.5162566e+01
   3.4694398e+01   3.1967040e+01
   3.4650398e+01   3.4435459e+01
   3.4618709e+01   3.5714497e+01
   3.4601392e+01   3.2202772e+01
   3.4598825e+01   3.6539466e+01
   3.4609270e+01   3.2316101e+01
   3.4633691e+01   3.7582668e+01
   3.4671310e+01   3.3635429e+01
   3.4721003e+01   3.4267220e+01
   3.4781328e+01   3.6157721e+01
   3.4850169e+01   3.0498591e+01
   3.4925183e+01   3.7047042e+01
   3.5004247e+01   3.3789216e+01
   3.5083360e+01   3.7667551e+01
   3.5161541e+01   3.3848208e+01
   3.5236461e+01   3.4371409e+01
   3.5304115e+01   3.8499460e+01
   3.5363706e+01   3.3150176e+01
   3.5411492e+01   3.7207641e+01
   3.5447021e+01   3.2805505e+01
   3.5470104e+01   3.5348324e+01
   3.5475996e+01   3.5943264e+01
   3.5465064e+01   3.3867559e+01
   3.5434808e+01   3.8888631e+01
   3.5386056e+01   3.2340942e+01
   3.5318522e+01   3.6406835e+01
   3.5230396e+01   3.3717911e+01
   3.5124528e+01   3.3619994e+01
   3.5000906e+01   3.6112679e+01
   3.4856633e+01   3.3237339e+01
   3.4695162e+01   3.6002087e+01
   3.4517003e+01   3.3046448e+01
   3.4319707e+01   3.5377764e+01
   3.4104360e+01   3.2448220e+01
   3.3873805e+01   3.1656284e+01
   3.3626439e+01   3.5248433e+01
   3.3365489e+01   3.2335239e+01
   3.3092421e+01   3.4080338e+01
   3.2810092e+01   3.1395440e+01
   3.2519691e+01   3.1158222e+01
   3.2221123e+01   3.5004657e+01
   3.1917442e+01   2.9824271e+01
   3.1610007e+01   3.5696712e+01
   3.1301619e+01   3.0517371e+01
   3.0993831e+01   3.3181928e+01
   3.0686938e+01   2.8955670e+01
   3.0382622e+01   3.0471336e+01
   3.0082566e+01   3.3156764e+01
   2.9788431e+01   2.6129740e+01
   2.9500465e+01   3.2852868e+01
   2.9220148e+01   2.5883377e+01
   2.8950171e+01   2.8947392e+01
   2.8691740e+01   2.9610215e+01
   2.8447306e+01   2.8403454e+01
   2.8217870e+01   2.8970779e+01
   2.8002966e+01   2.6130118e+01
   2.7804690e+01   3.0919642e+01
   2.7621875e+01   2.6177661e+01
   2.7454909e+01   2.8557374e+01
   2.7303965e+01   2.8719512e+01
   2.7170778e+01   2.3212311e+01
   2.7055203e+01   2.8150503e+01
   2.6957002e+01   2.3599658e+01
   2.6874493e+01   2.8681157e+01
   2.6808612e+01   2.7396405e+01
   2.6757128e+01   2.6021000e+01
   2.6719492e+01   3.0027419e+01
   2.6696467e+01   2.3279180e+01
   2.6685711e+01   2.9249403e+01
   2.6687995e+01   2.4157206e+01
   2.6701011e+01   2.7114167e+01
   2.6724209e+01   2.8728015e+01
   2.6756634e+01   2.6296553e+01
   2.6797314e+01   2.8638052e+01
   2.6847019e+01   2.6072169e+01
   2.6903415e+01   2.7470629e+01
   2.6965888e+01   2.7030417e+01
   2.7035136e+01   2.6173442e+01
   2.7106954e+01   3.0530920e+01
   2.7183652e+01   2.5626973e+01
   2.7264394e+01   2.8826725e+01
   2.7344809e+01   2.6681632e+01
   2.7425273e+01   2.9533022e+01
   2.7506097e+01   2.7344706e+01
   2.7584476e+01   2.6589018e+01
   2.7659345e+01   3.0968136e+01
   2.7729642e+01   2.4023580e+01
   2.7792563e+01   2.8415527e+01
   2.7848427e+01   3.2991470e+01
   2.7896268e+01   2.5980527e+01
   2.7937007e+01   2.9098535e+01
   2.7968655e+01   2.4768923e+01
   2.7990777e+01   3.1013805e+01
   2.8003129e+01   2.5384766e+01
   2.8005667e+01   3.0136200e+01
   2.7997179e+01   2.6912412e+01
   2.7981485e+01   2.5829867e+01
   2.7957776e+01   2.9825688e+01
   2.7926811e+01   2.5490967e+01
   2.7889514e+01   2.9710450e+01
   2.7846950e+01   2.4502184e+01
   2.7801663e+01   2.7199410e+01
   2.7753209e+01   2.9990229e+01
   2.7702941e+01   2.4025548e+01
   2.7652205e+01   3.0209455e+01
   2.7600939e+01   2.4024123e+01
   2.7552075e+01   2.8637627e+01
   2.7506689e+01   2.6947620e+01
   2.7465747e+01   2.7769827e+01
   2.7428308e+01   2.8941590e+01
   2.7396331e+01   2.6978694e+01
   2.7368848e+01   2.8141904e+01
   2.7347767e+01   2.7174682e+01
   2.7329896e+01   2.7839506e+01
   2.7317983e+01   2.8427929e+01
   2.7311460e+01   2.7815378e+01
   2.7307824e+01   2.9158134e+01
   2.7307482e+01   2.4932782e+01
   2.7309337e+01   3.0439675e+01
   2.7312188e+01   2.5978807e+01
   2.7316536e+01   2.7089670e+01
   2.7318024e+01   2.9768624e+01
   2.7316744e+01   2.4939640e+01
   2.7312830e+01   3.0566968e+01
   2.7301668e+01   2.4657840e+01
   2.7283574e+01   3.0193778e+01
   2.7257620e+01   2.5345739e+01
   2.7221264e+01   2.6599004e+01
   2.7175194e+01   3.7951754e+01
   2.7120283e+01   2.4525911e+01
   2.7053157e+01   2.9095574e+01
   2.6973692e+01   2.4649750e+01
   2.6884612e+01   2.8795554e+01
   2.6782603e+01   2.8433194e+01
   2.6669324e+01   2.5246732e+01
   2.6545177e+01   3.0255934e+01
   2.6408892e+01   2.2999646e+01
   2.6262334e+01   2.8059627e+01
   2.6105648e+01   3.2399623e+01
   2.5938996e+01   2.5401723e+01
   2.5761165e+01   2.5930387e+01
   2.5572604e+01   2.4036974e+01
   2.5375425e+01   2.6596020e+01
   2.5168179e+01   2.4229674e+01
   2.4952456e+01   2.6809318e+01
   2.4728458e+01   2.5756098e+01
   2.4494611e+01   2.4334348e+01
   2.4251034e+01   2.5836496e+01
   2.3999558e+01   2.2500310e+01
   2.3738525e+01   2.6629684e+01
   2.3469397e+01   2.0189611e+01
   2.3192342e+01   2.4696516e+01
   2.2907620e+01   2.3915219e+01
   2.2615598e+01   2.1331068e+01
   2.2314990e+01   2.6296239e+01
   2.2007689e+01   2.0567176e+01
   2.1694328e+01   2.1811764e+01
   2.1375657e+01   2.0852079e+01
   2.1052537e+01   2.1274173e+01
   2.0725931e+01   2.4048748e+01
   2.0398267e+01   1.6138079e+01
   2.0067215e+01   2.1461386e+01
   1.9735319e+01   1.6893449e+01
   1.9403770e+01   2.0725875e+01
   1.9075135e+01   2.1066896e+01
   1.8747128e+01   1.6061366e+01
   1.8422246e+01   2.2551641e+01
   1.8102910e+01   1.4989880e+01
   1.7788395e+01   2.0604309e+01
   1.7477863e+01   1.5284377e+01
   1.7173415e+01   1.6770604e+01
   1.6874277e+01   1.9190729e+01
   1.6582204e+01   1.2867806e+01
   1.6297054e+01   1.8394136e+01
   1.6018945e+01   1.2427751e+01
   1.5749240e+01   1.7885042e+01
   1.5486125e+01   1.3686089e+01
   1.5227677e+01   1.6240920e+01
   1.4976312e+01   1.8538795e+01
   1.4729930e+01   1.3560670e+01
   1.4488138e+01   1.4906427e+01
   1.4250509e+01   1.4284811e+01
   1.4016204e+01   1.3801612e+01
   1.3784391e+01   1.3010399e+01
   1.3556025e+01   1.3735837e+01
   1.3329034e+01   1.7460121e+01
   1.3101396e+01   1.1916793e+01
   1.2875577e+01   1.3874086e+01
   1.2647902e+01   1.0149423e+01
   1.2420955e+01   1.1168272e+01
   1.2191167e+01   1.3176546e+01
   1.1959444e+01   8.0752533e+00
   1.1723569e+01   1.4715117e+01
   1.1483017e+01   1.0941286e+01
   1.1238535e+01   1.3417909e+01
   1.0987696e+01   1.0713908e+01
   1.0731477e+01   9.0078582e+00
   1.0469032e+01   1.1531643e+01
   1.0199456e+01   6.6536290e+00
   9.9204148e+00   1.0825181e+01
   9.6339660e+00   8.6099268e+00
   9.3377049e+00   9.8545617e+00
   9.0292257e+00   8.0708113e+00
   8.7092118e+00   5.5013983e+00
   8.3770403e+00   9.6083356e+00
   8.0335731e+00   6.2732764e+00
   7.6767642e+00   1.0712866e+01
   7.3065294e+00   7.0518646e+00
   6.9230168e+00   7.4530294e+00
   6.5266429e+00   8.3154575e+00
   6.1163488e+00   3.0543280e+00
   5.6962141e+00   7.2952636e+00
   5.2693442e+00   4.0179789e+00
   4.8361863e+00   3.9097312e+00
   4.3993501e+00   5.8698595e+00
   3.9600490e+00   2.4984666e+00
   3.5224987e+00   4.9833792e+00
   3.0898252e+00  -5.2994430e-01
   2.6640035e+00   5.1320602e+00
   2.2484573e+00   2.6925462e+00
   1.8479845e+00   3.7137879e+00
   1.4660137e+00   2.1447759e+00
   1.1045278e+00  -2.7877228e+00
   7.6803013e-01   1.0354658e+01
   4.5766337e-01  -6.9294459e-01
   1.7597125e-01   1.3991424e+00
  -7.4926878e-02  -8.6672983e-01
  -2.9160775e-01  -4.2175227e-01
  -4.7282736e-01   3.1973231e+00
  -6.1954061e-01  -4.5763195e+00
  -7.3145724e-01   3.4120666e-01
  -8.0703599e-01  -1.9291516e+00
  -8.4651869e-01   1.0858095e+00
  -8.5091237e-01  -9.9148801e-01
  -8.2332201e-01  -4.1827010e+00
  -7.6545066e-01   3.5649580e+00
  -6.8108758e-01  -3.3749464e+00
  -5.6985174e-01   1.8805706e+00
  -4.3600839e-01  -1.4435690e+00
  -2.8083684e-01   1.0668190e+00
  -1.0878014e-01   2.8203923e+00
   7.8810332e-02  -1.2497202e+00
   2.7889142e-01   4.6714282e+00
   4.8853527e-01  -3.5870778e+00
   7.0673093e-01   1.5095843e+00
   9.2958444e-01   7.3947098e-01
   1.1547763e+00  -1.4788628e-01
   1.3788278e+00   3.8567955e+00
   1.6015474e+00  -3.5967330e-01
   1.8198344e+00   4.0969596e+00
   2.0321150e+00  -2.1052615e+00
   2.2369612e+00   2.3563355e+00
   2.4334783e+00   4.8128669e+00
   2.6222796e+00   7.2831309e-01
   2.8010447e+00   4.6658372e+00
   2.9693415e+00   1.4421183e+00
   3.1268504e+00   3.1771848e+00
   3.2733600e+00   1.7684609e+00
   3.4087621e+00   1.0992132e+00
   3.5330460e+00   5.9801901e+00
   3.6462915e+00   1.1844972e+00
   3.7482639e+00   8.1743434e+00
   3.8374174e+00   2.4867121e+00
   3.9161109e+00   6.1971897e+00
   3.9836188e+00   3.2741134e+00
   4.0405766e+00   3.0387843e+00
   4.0889855e+00   7.9517370e+00
   4.1309234e+00   2.0169249e+00
   4.1641112e+00   5.9237789e+00
   4.1907827e+00   1.9872988e+00
   4.2132515e+00   4.3211838e+00
   4.2308506e+00   5.3787327e+00
   4.2429898e+00   5.4977019e-01
   4.2522123e+00   5.8435429e+00
   4.2593583e+00   2.9381396e+00
   4.2653228e+00   6.1790892e+00
   4.2728098e+00   4.4182506e+00
   4.2814890e+00   2.0105792e+00
   4.2910405e+00   8.0658935e+00
   4.3041965e+00   6.5098340e-01
   4.3236631e+00   8.3186410e+00
   4.3490403e+00   3.6653352e+00
   4.3798609e+00   3.0756713e+00
   4.4172560e+00   6.7655434e+00
   4.4635440e+00   2.5305820e+00
   4.5191540e+00   5.6525220e+00
   4.5843757e+00   9.7725015e-01
   4.6607154e+00   6.9510597e+00
   4.7464449e+00   5.3641513e+00
   4.8414197e+00   5.4539380e+00
   4.9453070e+00   5.5649884e+00
   5.0575926e+00   1.3517940e+00
   5.1758202e+00   7.6758373e+00
   5.3004319e+00   3.9670154e+00
   5.4285773e+00   6.0224870e+00
   5.5589609e+00   6.7242160e+00
   5.6900964e+00   3.4823943e+00
   5.8199348e+00   7.0980027e+00
   5.9480498e+00   4.2159888e+00
   6.0708293e+00   9.9962651e+00
   6.1859313e+00   3.8818362e+00
   6.2940733e+00   5.6621741e+00
   6.3915600e+00   7.4518142e+00
   6.4765148e+00   4.5839643e+00
   6.5471456e+00   9.0010027e+00
   6.6017819e+00   5.6977895e+00
   6.6371419e+00   8.3877493e+00
   6.6531951e+00   5.4204601e+00
   6.6487592e+00   7.3595659e+00
   6.6229080e+00   6.8811269e+00
   6.5750028e+00   2.6969402e+00
   6.5029466e+00   8.8356916e+00
   6.4094020e+00   2.5970862e+00
   6.2929264e+00   8.3358354e+00
   6.1528014e+00   6.4603955e+00
   5.9916977e+00   5.9836030e+00
   5.8108386e+00   7.8293166e+00
   5.6135224e+00   3.5752818e+00
   5.4006671e+00   5.9287146e+00
   5.1748270e+00   5.8632170e+00
   4.9383898e+00   5.4223279e+00
   4.6925512e+00   4.7410991e+00
   4.4434706e+00   3.7623856e+00
   4.1925641e+00   4.8299046e+00
   3.9426553e+00   3.7084045e-01
   3.6983154e+00   5.9492792e+00
   3.4609820e+00   4.7874446e+00
   3.2319718e+00   2.8408190e+00
   3.0154979e+00   5.2355881e+00
   2.8120289e+00   1.6296846e+00
   2.6248450e+00   6.2287384e+00
   2.4524197e+00  -1.3526370e-01
   2.2990267e+00   1.3968013e+00
   2.1654550e+00   3.2121510e+00
   2.0503655e+00  -6.3546143e-01
   1.9551067e+00   4.3063957e+00
   1.8775039e+00  -4.2510813e-01
   1.8180639e+00   2.7568266e+00
   1.7755537e+00   5.6502995e-01
   1.7484001e+00   2.3738313e+00
   1.7347270e+00   3.9656985e+00
   1.7324016e+00  -8.1322810e-01
   1.7408620e+00   5.4820671e+00
   1.7577295e+00   1.0140451e+00
   1.7788780e+00   3.8647481e+00
   1.8033325e+00   3.1373932e+00
   1.8271328e+00  -1.0232227e+00
   1.8496042e+00   1.1584636e+00
   1.8685888e+00  -3.2589644e-01
   1.8808916e+00   5.5623945e+00
   1.8885285e+00   2.1721292e+00
   1.8891038e+00   1.1759320e+00
   1.8806583e+00   4.0953541e+00
   1.8633582e+00  -1.7314287e+00
   1.8377161e+00   2.9136152e+00
   1.8063398e+00  -1.4919602e+00
   1.7690707e+00   3.9514890e+00
   1.7287457e+00   1.3119397e+00
   1.6853257e+00   2.9229375e-01
   1.6388813e+00   1.9291863e+00
   1.5925752e+00  -1.3361684e+00
   1.5463817e+00   3.7316901e+00
   1.5045897e+00   7.3734121e-01
   1.4650934e+00   4.1551853e+00
   1.4303624e+00   1.7331179e+00
   1.3976496e+00   3.9937658e-01
   1.3699868e+00   9.9821168e+00
   1.3472957e+00  -1.1536864e+00
   1.3295369e+00   4.9684895e+00
   1.3149711e+00  -1.2990604e-01
   1.3042462e+00   3.0902491e+00
   1.2942447e+00   4.0228826e+00
   1.2847336e+00  -6.5451663e-01
   1.2726132e+00   5.4398933e+00
   1.2577954e+00   7.9323683e-01
   1.2384481e+00   3.9580817e+00
   1.2114613e+00   1.8881913e-01
   1.1751785e+00   1.0823687e+00
   1.1294537e+00   1.8486479e+00
   1.0712613e+00  -5.2797777e-01
   1.0005322e+00   2.0784747e+00
   9.1612539e-01   8.3316927e+00
   8.1720169e-01   4.9037233e-01
   7.0321262e-01  -2.6942165e-01
   5.7427714e-01  -2.4276086e+00
   4.3213834e-01   3.3410391e+00
   2.7569918e-01  -2.6609595e+00
   1.0718886e-01   3.9075235e+00
  -7.4081507e-02   4.5190938e-01
  -2.6870090e-01  -4.6744703e-01
  -4.7413901e-01   8.5604284e-01
  -6.8744330e-01  -1.6227297e+00
  -9.0694267e-01   2.3424836e-01
  -1.1340234e+00  -3.7619371e+00
  -1.3656354e+00  -6.5182123e-01
  -1.6004954e+00  -1.4372877e+00
  -1.8355446e+00  -2.4941115e+00
  -2.0689991e+00  -5.4627579e-01
  -2.2989594e+00  -4.0040137e+00
  -2.5233922e+00   6.7865094e-01
  -2.7418870e+00  -6.7850201e+00
  -2.9539665e+00  -2.6346037e+00
  -3.1560315e+00  -1.3166902e+00
  -3.3444330e+00  -4.7425229e+00
  -3.5185532e+00   6.3500866e-01
  -3.6781767e+00  -5.1138556e+00
  -3.8214583e+00  -1.1727618e+00
  -3.9467481e+00  -4.3089093e+00
  -4.0530480e+00  -5.0857392e+00
  -4.1396873e+00  -3.2479243e+00
  -4.2050211e+00  -8.1002510e+00
  -4.2491643e+00  -3.3494765e+00
  -4.2726745e+00  -4.6250404e+00
  -4.2765945e+00  -2.1168949e+00
  -4.2624781e+00  -3.7196369e+00
  -4.2323957e+00   1.5363091e+00
  -4.1857765e+00  -3.5084052e+00
  -4.1286360e+00  -6.4922707e+00
  -4.0638575e+00  -1.2177320e+00
  -3.9960208e+00  -6.3114095e+00
  -3.9268589e+00  -4.7726313e+00
  -3.8599677e+00  -1.8003209e+00
  -3.7975403e+00  -6.2000285e+00
  -3.7446845e+00  -2.5153519e+00
  -3.7027079e+00  -4.9478440e+00
  -3.6756040e+00  -3.4977721e+00
  -3.6655166e+00  -5.6225002e+00
  -3.6740352e+00  -3.3442023e+00
  -3.7007672e+00  -6.1159833e-02
  -3.7477461e+00  -7.2526407e+00
  -3.8132308e+00  -2.4557924e+00
  -3.8965638e+00  -6.9470555e+00
  -3.9978322e+00  -3.2823953e+00
  -4.1135084e+00  -3.0775875e+00
  -4.2409730e+00  -6.8565028e+00
  -4.3786122e+00  -3.7574133e+00
  -4.5232555e+00  -6.0679351e+00
  -4.6716570e+00  -4.6975003e+00
  -4.8188307e+00  -7.3589703e+00
  -4.9629752e+00  -3.3557755e+00
  -5.0997516e+00  -5.6090678e+00
  -5.2281714e+00  -7.4204897e+00
  -5.3489774e+00  -1.1396320e+00
  -5.4621119e+00  -7.0385859e+00
  -5.5619200e+00  -4.6373618e+00
  -5.6512614e+00  -4.1403847e+00
  -5.7344295e+00  -7.2110369e+00
  -5.8080892e+00  -2.0753390e+00
  -5.8749644e+00  -8.0460707e+00
  -5.9352394e+00  -3.8243858e+00
  -5.9909336e+00  -8.9726603e+00
  -6.0430812e+00  -6.1777040e+00
  -6.0947141e+00  -4.8892533e+00
  -6.1490148e+00  -9.3251622e+00
  -6.2106050e+00  -5.2759067e+00
  -6.2810193e+00  -8.2035613e+00
  -6.3620644e+00  -5.9806843e+00
  -6.4566221e+00  -7.2346050e+00
  -6.5671837e+00  -6.7229903e+00
  -6.6943886e+00  -4.0566314e+00
  -6.8396087e+00  -1.1205795e+01
  -7.0052743e+00  -3.6799133e+00
  -7.1949082e+00  -1.1097927e+01
  -7.4052087e+00  -7.2686283e+00
  -7.6366820e+00  -6.7840425e+00
  -7.8860773e+00  -8.5764887e+00
  -8.1544018e+00  -5.7738326e+00
  -8.4373288e+00  -9.2874976e+00
  -8.7314897e+00  -6.4798981e+00
  -9.0332025e+00  -1.0557205e+01
  -9.3385889e+00  -1.1072619e+01
  -9.6437031e+00  -6.9623899e+00
  -9.9446634e+00  -1.2081183e+01
  -1.0237782e+01  -7.4992269e+00
  -1.0521456e+01  -1.2554222e+01
  -1.0792825e+01  -7.7381363e+00
  -1.1047848e+01  -1.1998134e+01
  -1.1284823e+01  -1.2657755e+01
  -1.1504416e+01  -9.8906383e+00
  -1.1704841e+01  -1.3199442e+01
  -1.1886281e+01  -1.1148836e+01
  -1.2049466e+01  -1.5158205e+01
  -1.2197378e+01  -1.1800672e+01
  -1.2330340e+01  -1.2892983e+01
  -1.2450362e+01  -1.3869574e+01
  -1.2561034e+01  -8.5661419e+00
  -1.2664764e+01  -1.4068649e+01
  -1.2762670e+01  -1.1873841e+01
  -1.2858938e+01  -1.4257264e+01
  -1.2955921e+01  -1.5053445e+01
  -1.3054069e+01  -1.2998104e+01
  -1.3157113e+01  -1.6816587e+01
  -1.3267202e+01  -1.9173513e+00
  -1.3383129e+01  -1.6965777e+01
  -1.3505085e+01  -1.3553886e+01
  -1.3639113e+01  -1.3835272e+01
  -1.3781670e+01  -1.4888869e+01
  -1.3932779e+01  -1.2141691e+01
  -1.4099729e+01  -1.5570880e+01
  -1.4279571e+01  -1.0515011e+01
  -1.4475492e+01  -1.5405580e+01
  -1.4687571e+01  -1.3450642e+01
  -1.4914166e+01  -1.2309231e+01
  -1.5154978e+01  -1.8988452e+01
  -1.5409671e+01  -1.2390990e+01
  -1.5677865e+01  -1.9286760e+01
  -1.5960889e+01  -1.3399142e+01
  -1.6256949e+01  -1.5031024e+01
  -1.6566918e+01  -1.5666145e+01
  -1.6888511e+01  -1.6047701e+01
  -1.7224237e+01  -2.0253682e+01
  -1.7571725e+01  -1.3271369e+01
  -1.7932083e+01  -1.8765893e+01
  -1.8302324e+01  -1.5652607e+01
  -1.8683859e+01  -1.7788994e+01
  -1.9076318e+01  -2.1212341e+01
  -1.9479347e+01  -1.8435443e+01
  -1.9891257e+01  -2.0740833e+01
  -2.0315261e+01  -1.8869505e+01
  -2.0749853e+01  -2.1955645e+01
  -2.1193274e+01  -2.1147313e+01
  -2.1646984e+01  -1.9243574e+01
  -2.2111236e+01  -2.3808180e+01
  -2.2584694e+01  -2.1979973e+01
  -2.3069252e+01  -2.5807703e+01
  -2.3562452e+01  -2.2435832e+01
  -2.4068094e+01  -2.5746780e+01
  -2.4585183e+01  -2.5801345e+01
  -2.5115863e+01  -2.2372482e+01
  -2.5657790e+01  -2.8593594e+01
  -2.6214725e+01  -2.5536401e+01
  -2.6785455e+01  -2.9206626e+01
  -2.7371713e+01  -2.5162367e+01
  -2.7972330e+01  -2.7865732e+01
  -2.8587240e+01  -3.0381537e+01
  -2.9217457e+01  -2.5330192e+01
  -3.0000605e+01  -3.3011887e+01
  -3.0832902e+01  -3.0411780e+01
  -3.1722952e+01  -3.3013294e+01
  -3.2677120e+01  -2.3224608e+01
  -3.3705753e+01  -3.0613352e+01
  -3.4818315e+01  -3.7070152e+01
  -3.6023689e+01  -3.3450878e+01
  -3.7333078e+01  -3.7849137e+01
  -3.8759376e+01  -2.9125871e+01
  -4.0313792e+01  -4.1403837e+01
