   4.8737201e+02   4.6203355e+02
   4.8791059e+02   4.9721550e+02
   4.8869884e+02   4.5134951e+02
   4.8924637e+02   4.5032202e+02
   4.8924798e+02   5.1749852e+02
   4.8949198e+02   5.3423432e+02
   4.8949198e+02   4.5419108e+02
   4.8979961e+02   4.7455193e+02
   4.9041081e+02   5.1017232e+02
   4.9115369e+02   4.9026077e+02
   4.9151904e+02   4.7417332e+02
   4.9292039e+02   4.7441169e+02
   4.9405115e+02   5.0662723e+02
   4.9495095e+02   4.5224370e+02
   4.9563932e+02   4.6382196e+02
   4.9565801e+02   5.4953082e+02
   4.9566935e+02   4.9215723e+02
   4.9573682e+02   4.8359486e+02
   4.9573682e+02   4.9262515e+02
   4.9604356e+02   5.3000757e+02
   4.9638266e+02   4.9415774e+02
   4.9661012e+02   4.6435971e+02
   4.9777464e+02   5.0044366e+02
   4.9887800e+02   5.4104404e+02
   5.0014815e+02   5.0563632e+02
   5.0044349e+02   4.7512825e+02
   5.0090660e+02   5.3391548e+02
   5.0211898e+02   5.0564151e+02
   5.0315663e+02   4.7886665e+02
   5.0391014e+02   5.2208595e+02
   5.0462513e+02   5.5704755e+02
   5.0601878e+02   4.7122620e+02
   5.0780041e+02   4.8261225e+02
   5.0831343e+02   4.9788623e+02
   5.0831343e+02   5.3132646e+02
   5.0837070e+02   5.0968213e+02
   5.0837070e+02   4.5992736e+02
   5.0840075e+02   5.5634250e+02
   5.0840075e+02   5.3095695e+02
   5.0865002e+02   4.4409438e+02
   5.0917787e+02   5.0842497e+02
   5.1018110e+02   5.2946600e+02
   5.1233172e+02   5.0753751e+02
   5.1376955e+02   4.9079540e+02
   5.1437170e+02   5.4626495e+02
   5.1460489e+02   5.3118604e+02
   5.1508501e+02   4.9554404e+02
   5.1579508e+02   5.0497486e+02
   5.1637448e+02   5.2010299e+02
   5.1667265e+02   4.9840986e+02
   5.1668758e+02   5.0234334e+02
   5.1726127e+02   5.0177971e+02
   5.1794275e+02   5.2804950e+02
   5.1855205e+02   5.0383960e+02
   5.1951275e+02   4.8618702e+02
   5.1994893e+02   5.5598302e+02
   5.2000284e+02   5.5327498e+02
   5.2000284e+02   5.1661908e+02
   5.2000284e+02   5.0360664e+02
   5.1968772e+02   5.5604757e+02
   5.1823298e+02   5.3069452e+02
   5.1709297e+02   5.0579313e+02
   5.1662087e+02   5.5731212e+02
   5.1662087e+02   5.4341551e+02
   5.1662087e+02   4.8626722e+02
   5.1742559e+02   4.7342214e+02
   5.1892039e+02   5.3990428e+02
   5.2092185e+02   5.4968163e+02
   5.2245827e+02   4.9645013e+02
   5.2326092e+02   5.0577399e+02
   5.2341330e+02   5.6945396e+02
   5.2341330e+02   5.0352201e+02
   5.2341330e+02   4.6275132e+02
   5.2300502e+02   5.2213725e+02
   5.2232756e+02   5.5746196e+02
   5.2165287e+02   4.8242783e+02
   5.2165287e+02   4.9135824e+02
   5.2165287e+02   5.5056669e+02
   5.2167748e+02   5.2168275e+02
   5.2179583e+02   4.7927529e+02
   5.2238646e+02   5.1729230e+02
   5.2301196e+02   5.8532534e+02
   5.2359759e+02   5.1840031e+02
   5.2449947e+02   4.9020933e+02
   5.2465551e+02   5.3163439e+02
   5.2509546e+02   5.6523068e+02
   5.2571892e+02   4.9142061e+02
   5.2571892e+02   5.0159939e+02
   5.2576914e+02   5.5394662e+02
   5.2583222e+02   5.3382544e+02
   5.2594513e+02   5.0500833e+02
   5.2614354e+02   5.6036311e+02
   5.2630438e+02   5.7402891e+02
   5.2643584e+02   5.3915522e+02
   5.2685238e+02   4.7704435e+02
   5.2711682e+02   5.3480368e+02
   5.2748049e+02   5.6417961e+02
   5.2748049e+02   5.2261240e+02
   5.2748049e+02   5.3652217e+02
   5.2732786e+02   5.4603094e+02
   5.2694011e+02   5.2996925e+02
   5.2623788e+02   4.9891339e+02
   5.2571889e+02   5.6423110e+02
   5.2528819e+02   5.8382939e+02
   5.2517068e+02   4.8675405e+02
   5.2517068e+02   4.8797450e+02
   5.2517068e+02   5.5789981e+02
   5.2561978e+02   5.4178490e+02
   5.2605816e+02   4.6521019e+02
   5.2656511e+02   5.0435786e+02
   5.2669825e+02   5.4912438e+02
   5.2703992e+02   4.9390357e+02
   5.2733576e+02   5.0243292e+02
   5.2746022e+02   5.3465823e+02
   5.2751476e+02   5.5939847e+02
   5.2804182e+02   4.8598268e+02
   5.2836557e+02   5.3548677e+02
   5.2890756e+02   5.6399329e+02
   5.2900502e+02   5.4819506e+02
   5.2901401e+02   4.6487433e+02
   5.2918266e+02   5.2899446e+02
   5.2918266e+02   5.5286213e+02
   5.2918266e+02   5.2864817e+02
   5.2885047e+02   4.7509974e+02
   5.2869145e+02   5.2007208e+02
   5.2848632e+02   5.5515424e+02
   5.2848632e+02   4.9599093e+02
   5.2848632e+02   5.2351281e+02
   5.2896840e+02   5.9109781e+02
   5.2900375e+02   5.2471242e+02
   5.2906518e+02   4.8705263e+02
   5.2906518e+02   5.4933917e+02
   5.2906518e+02   5.7548139e+02
   5.2895184e+02   5.4210866e+02
   5.2834940e+02   4.9621194e+02
   5.2834940e+02   5.5636649e+02
   5.2834940e+02   5.7306313e+02
   5.2908696e+02   4.7488834e+02
   5.2982472e+02   4.9363437e+02
   5.3069148e+02   5.8581862e+02
   5.3210106e+02   5.2147854e+02
   5.3439913e+02   4.9779700e+02
   5.3650364e+02   5.6008056e+02
   5.3877020e+02   5.6712291e+02
   5.4067560e+02   5.0887345e+02
   5.4239179e+02   4.8894654e+02
   5.4408748e+02   5.4273814e+02
   5.4522235e+02   5.3512924e+02
   5.4550943e+02   4.8497086e+02
   5.4550943e+02   5.4010731e+02
   5.4550943e+02   5.6515132e+02
   5.4513441e+02   5.3140769e+02
   5.4480875e+02   5.3314484e+02
   5.4437370e+02   5.8573270e+02
   5.4396027e+02   5.9886471e+02
   5.4390028e+02   4.8984342e+02
   5.4370792e+02   5.4891440e+02
   5.4283152e+02   5.6059299e+02
   5.4279797e+02   5.2925732e+02
   5.4201126e+02   5.2644691e+02
   5.4165194e+02   5.4989432e+02
   5.4165189e+02   5.8049573e+02
   5.4143305e+02   5.0066462e+02
   5.4130496e+02   4.9803394e+02
   5.4130496e+02   5.8465098e+02
   5.4130496e+02   5.6241882e+02
   5.4207518e+02   4.9751690e+02
   5.4233209e+02   5.4033649e+02
   5.4242501e+02   5.5556430e+02
   5.4261406e+02   5.5202855e+02
   5.4328645e+02   5.1760878e+02
   5.4371264e+02   5.2164551e+02
   5.4388852e+02   5.5712627e+02
   5.4442184e+02   5.0737812e+02
   5.4488737e+02   5.2937368e+02
   5.4488737e+02   5.9135541e+02
   5.4488737e+02   5.6417968e+02
   5.4471936e+02   5.1281429e+02
   5.4302836e+02   5.3322066e+02
   5.4229856e+02   5.6816843e+02
   5.4063603e+02   5.2244543e+02
   5.3958202e+02   4.9423313e+02
   5.3810636e+02   5.6600435e+02
   5.3732614e+02   5.4218876e+02
   5.3729512e+02   5.2276936e+02
   5.3679891e+02   5.2734660e+02
   5.3674671e+02   5.8128909e+02
   5.3674671e+02   5.3689883e+02
   5.3660246e+02   5.1501119e+02
   5.3660246e+02   5.2078658e+02
   5.3660246e+02   5.9722727e+02
   5.3680191e+02   5.3176768e+02
   5.3684178e+02   4.8830754e+02
   5.3706579e+02   5.2907666e+02
   5.3726718e+02   5.8218527e+02
   5.3785315e+02   5.3693310e+02
   5.3801839e+02   5.1872417e+02
   5.3807821e+02   5.6587981e+02
   5.3812659e+02   5.6084928e+02
   5.3864990e+02   5.3156348e+02
   5.3874359e+02   5.4587901e+02
   5.3874359e+02   5.4575648e+02
   5.3874359e+02   5.4468668e+02
   5.3823020e+02   5.1288698e+02
   5.3735674e+02   5.5605985e+02
   5.3735496e+02   5.4631385e+02
   5.3660092e+02   5.0695918e+02
   5.3619862e+02   5.3547186e+02
   5.3571952e+02   5.5974919e+02
   5.3563245e+02   5.6541779e+02
   5.3556809e+02   5.0977960e+02
   5.3556173e+02   5.4260720e+02
   5.3491713e+02   5.7315710e+02
   5.3417153e+02   5.2393503e+02
   5.3313274e+02   5.1325705e+02
   5.3239557e+02   5.3489789e+02
   5.3121070e+02   5.3867910e+02
   5.2943105e+02   5.1928877e+02
   5.2742823e+02   4.9791553e+02
   5.2424816e+02   5.4782091e+02
   5.2137458e+02   5.3795052e+02
   5.1782672e+02   4.8510639e+02
   5.1199175e+02   5.1433081e+02
   5.0953795e+02   5.6501800e+02
   5.0624992e+02   4.5950522e+02
   5.0359421e+02   4.9516347e+02
   5.0208293e+02   5.1522625e+02
   5.0056338e+02   5.3807332e+02
   4.9945059e+02   4.5634752e+02
   4.9893538e+02   5.1858530e+02
   4.9770195e+02   5.2493618e+02
   4.9715567e+02   5.1690372e+02
   4.9658446e+02   4.5550247e+02
   4.9593002e+02   4.9439731e+02
   4.9521184e+02   5.2963805e+02
   4.9419518e+02   4.5295943e+02
   4.9322930e+02   4.6143530e+02
   4.9311078e+02   5.0874307e+02
   4.9224039e+02   4.8180310e+02
   4.9100357e+02   4.4897300e+02
   4.8998930e+02   4.9764880e+02
   4.8909269e+02   5.4001031e+02
   4.8780063e+02   4.7582971e+02
   4.8585353e+02   4.2779654e+02
   4.8394311e+02   5.2743844e+02
   4.8300908e+02   5.0014571e+02
   4.8210713e+02   4.4956283e+02
   4.8166588e+02   4.4816889e+02
   4.8166588e+02   5.2753763e+02
   4.8166588e+02   4.8924258e+02
   4.8362875e+02   4.6524136e+02
   4.8654532e+02   4.7069098e+02
   4.8898243e+02   5.0820499e+02
   4.9206902e+02   4.7721303e+02
   4.9602029e+02   4.6124325e+02
   4.9918418e+02   5.0178546e+02
   5.0259932e+02   4.9971844e+02
   5.0509289e+02   4.5098999e+02
   5.0571470e+02   5.2171218e+02
   5.0606890e+02   5.3027681e+02
   5.0606890e+02   4.7832535e+02
   5.0606890e+02   4.6539108e+02
   5.0532318e+02   5.4519827e+02
   5.0350954e+02   5.1947756e+02
   5.0181084e+02   4.5153670e+02
   5.0042426e+02   4.8587816e+02
   4.9873143e+02   5.1310655e+02
   4.9698659e+02   5.1682902e+02
   4.9578216e+02   4.7804073e+02
   4.9397539e+02   4.6862005e+02
   4.9258614e+02   5.5424042e+02
   4.9145043e+02   4.8207293e+02
   4.9049543e+02   4.3034579e+02
   4.8999344e+02   5.0004272e+02
   4.8903558e+02   5.3913439e+02
   4.8716267e+02   4.3542545e+02
   4.8631059e+02   4.3867995e+02
   4.8513230e+02   5.0483208e+02
   4.8429503e+02   4.9163029e+02
   4.8379854e+02   4.4434353e+02
   4.8379854e+02   4.8109820e+02
   4.8379854e+02   4.9983364e+02
   4.8415914e+02   4.4581787e+02
   4.8537623e+02   4.6189831e+02
   4.8709912e+02   5.2545196e+02
   4.8848331e+02   5.1682217e+02
   4.8984979e+02   4.7388619e+02
   4.9164947e+02   4.5946183e+02
   4.9267279e+02   5.0039772e+02
   4.9387319e+02   4.9325243e+02
   4.9491491e+02   4.4885207e+02
   4.9606097e+02   4.8666951e+02
   4.9682553e+02   5.0800260e+02
   4.9733544e+02   4.8450600e+02
   4.9767329e+02   4.5834863e+02
   4.9838471e+02   5.1136681e+02
   4.9841996e+02   5.2851335e+02
   4.9848431e+02   4.6180536e+02
   4.9848431e+02   4.8707943e+02
   4.9848431e+02   5.0917976e+02
   4.9841996e+02   4.7411755e+02
   4.9805256e+02   4.4802761e+02
   4.9804686e+02   5.2128194e+02
   4.9804686e+02   5.4772982e+02
   4.9804686e+02   4.9109460e+02
   4.9804686e+02   4.4583000e+02
   4.9783819e+02   5.0255186e+02
   4.9770579e+02   5.4357995e+02
   4.9749041e+02   4.8410294e+02
   4.9735587e+02   5.1336226e+02
   4.9724982e+02   5.1643205e+02
   4.9724982e+02   5.2134486e+02
   4.9724982e+02   4.5712225e+02
   4.9801254e+02   5.2315893e+02
   4.9865620e+02   5.4863847e+02
   4.9963333e+02   4.6960850e+02
   4.9963333e+02   4.8285892e+02
   4.9963333e+02   5.3152192e+02
   4.9825979e+02   4.9483909e+02
   4.9647585e+02   4.8149454e+02
   4.9647585e+02   4.9343808e+02
   4.9647585e+02   5.2434827e+02
   4.9647585e+02   5.0295275e+02
   5.0158007e+02   4.6190002e+02
   5.0431727e+02   4.9881445e+02
   5.0439602e+02   5.1363786e+02
   5.0734301e+02   4.8260434e+02
   5.0734301e+02   4.6737516e+02
   5.0734301e+02   5.4442397e+02
   5.0708597e+02   4.9056683e+02
   5.0660154e+02   4.8653194e+02
   5.0625044e+02   5.1864726e+02
   5.0555730e+02   5.5341653e+02
   5.0426578e+02   4.6829297e+02
   5.0372723e+02   4.5651459e+02
   5.0289499e+02   5.5365251e+02
   5.0206041e+02   5.0863426e+02
   5.0152486e+02   4.9258993e+02
   5.0149934e+02   4.9791034e+02
   5.0147998e+02   5.1030407e+02
   5.0147998e+02   5.2205633e+02
   5.0147998e+02   4.8079173e+02
   5.0147998e+02   5.1683552e+02
   5.0215552e+02   5.0407614e+02
   5.0273894e+02   5.0028111e+02
   5.0289871e+02   5.0563128e+02
   5.0289871e+02   5.4782353e+02
   5.0289871e+02   5.0889800e+02
   5.0289871e+02   4.8393814e+02
   5.0198253e+02   5.2603356e+02
   5.0136258e+02   5.1805619e+02
   5.0085348e+02   4.7655734e+02
   5.0013986e+02   4.6389449e+02
   4.9965539e+02   4.8729519e+02
   4.9882825e+02   5.1651562e+02
   4.9880325e+02   4.6367360e+02
   4.9868112e+02   4.8240129e+02
   4.9850232e+02   5.2415144e+02
   4.9789954e+02   5.1873248e+02
   4.9789954e+02   4.5906053e+02
   4.9789954e+02   5.2456523e+02
   4.9837347e+02   5.3215022e+02
   4.9837347e+02   5.0217713e+02
   4.9837347e+02   4.4684716e+02
   4.9766264e+02   5.0622072e+02
   4.9666904e+02   5.3523021e+02
   4.9591213e+02   4.8248437e+02
   4.9470567e+02   5.0660045e+02
   4.9270992e+02   4.9970779e+02
   4.9193120e+02   5.1727061e+02
   4.9179091e+02   4.6335592e+02
   4.9179091e+02   4.8974234e+02
   4.9147378e+02   5.4444402e+02
   4.9147378e+02   4.6261292e+02
   4.9146820e+02   4.3871931e+02
   4.9011390e+02   5.2011662e+02
   4.8727182e+02   5.2287769e+02
   4.5083633e+02   4.0461252e+02
   4.5042423e+02   4.3316178e+02
   4.4845725e+02   4.8706395e+02
   4.4796073e+02   4.7634708e+02
   4.4729972e+02   4.3835714e+02
   4.4676186e+02   4.7537753e+02
   4.4641912e+02   4.5978352e+02
   4.4528707e+02   4.2752120e+02
   4.4510990e+02   4.0400517e+02
   4.4390620e+02   4.8323658e+02
   4.4291039e+02   4.8053996e+02
   4.4278011e+02   4.0972948e+02
   4.4242212e+02   4.3573687e+02
   4.4128953e+02   4.5261495e+02
   4.4054112e+02   4.5513084e+02
   4.3981944e+02   4.1714751e+02
   4.3960770e+02   4.3001805e+02
   4.3885024e+02   4.4973722e+02
   4.3852196e+02   4.2756325e+02
   4.3843646e+02   3.9815080e+02
   4.3841300e+02   4.5758589e+02
   4.3815234e+02   4.7170600e+02
   4.3786212e+02   4.2042556e+02
   4.3744339e+02   4.3692824e+02
   4.3738190e+02   4.4629415e+02
   4.3640791e+02   4.2406550e+02
   4.3533077e+02   4.1085924e+02
   4.3489267e+02   4.5505743e+02
   4.3472667e+02   4.7905004e+02
   4.3418842e+02   3.7883091e+02
   4.3386795e+02   4.0614255e+02
   4.3386673e+02   4.3764396e+02
   4.3373428e+02   4.5886154e+02
   4.3372598e+02   4.2391634e+02
   4.3318348e+02   4.6547745e+02
   4.3295366e+02   4.5513464e+02
   4.3283611e+02   4.3407923e+02
   4.3262179e+02   4.1285696e+02
   4.3202832e+02   4.6575802e+02
   4.3152600e+02   4.3023264e+02
   4.3146636e+02   4.2440203e+02
   4.3126091e+02   4.3965620e+02
   4.3117907e+02   4.5003287e+02
   4.3018486e+02   4.0896911e+02
   4.2994055e+02   4.1323950e+02
   4.2965391e+02   4.6477099e+02
   4.2906006e+02   4.7068339e+02
   4.2834191e+02   3.9867880e+02
   4.2801662e+02   4.2550634e+02
   4.2762303e+02   4.6014620e+02
   4.2695137e+02   4.2577118e+02
   4.2628448e+02   3.7784224e+02
   4.2585840e+02   3.9272057e+02
   4.2584247e+02   4.5282625e+02
   4.2492289e+02   4.2892051e+02
   4.2427757e+02   4.0495670e+02
   4.2427757e+02   4.1501980e+02
   4.2427757e+02   4.3261780e+02
   4.2427757e+02   4.2108811e+02
   4.2448640e+02   4.2788512e+02
   4.2467696e+02   4.7941734e+02
   4.2546023e+02   4.2253008e+02
   4.2571528e+02   3.9793228e+02
   4.2635593e+02   4.4530555e+02
   4.2772902e+02   4.7735454e+02
   4.2928989e+02   4.0148489e+02
   4.2928989e+02   3.9697889e+02
   4.2928989e+02   4.7586487e+02
   4.2866506e+02   4.5987726e+02
   4.2785866e+02   3.9085300e+02
   4.2614421e+02   4.3847351e+02
   4.2362994e+02   4.4500905e+02
   4.2077098e+02   4.0983658e+02
   4.1873956e+02   3.8180234e+02
   4.1742148e+02   4.3485194e+02
   4.1682180e+02   4.2550087e+02
   4.1588764e+02   3.7188005e+02
   4.1511190e+02   3.8793760e+02
   4.1473266e+02   4.6240422e+02
   4.1447260e+02   4.1137400e+02
   4.1343904e+02   3.9787458e+02
   4.1304897e+02   4.2298990e+02
   4.1226711e+02   4.2222148e+02
   4.1151990e+02   4.0077125e+02
   4.1043675e+02   3.5590283e+02
   4.0996373e+02   4.4162578e+02
   4.0883509e+02   4.3910074e+02
   4.0796717e+02   3.9939919e+02
   4.0716029e+02   3.8276914e+02
   4.0686233e+02   4.2280532e+02
   4.0658552e+02   4.3017471e+02
   4.0633648e+02   3.8117658e+02
   4.0545123e+02   4.1608381e+02
   4.0516111e+02   4.4854464e+02
   4.0488675e+02   4.1112576e+02
   4.0488675e+02   3.5138717e+02
   4.0488675e+02   4.4860316e+02
   4.0512696e+02   4.4314940e+02
   4.0637029e+02   3.6575252e+02
   4.0800969e+02   3.7024837e+02
   4.1056128e+02   4.7053391e+02
   4.1416332e+02   4.3891408e+02
   4.1716710e+02   3.8090342e+02
   4.2170465e+02   4.3089438e+02
   4.2706962e+02   4.4504080e+02
   4.3056629e+02   4.4730053e+02
   4.3469539e+02   3.8892154e+02
   4.3834883e+02   4.8857490e+02
   4.4034111e+02   4.8568549e+02
   4.4034111e+02   4.1710538e+02
   4.4034111e+02   4.4101719e+02
   4.3875459e+02   4.5881436e+02
   4.3563619e+02   4.2597774e+02
   4.2975146e+02   3.6931326e+02
   4.2043228e+02   4.3384194e+02
   4.1016836e+02   4.5279052e+02
   4.0281065e+02   3.7384905e+02
   3.9930389e+02   3.6473177e+02
   3.9898179e+02   4.3012466e+02
   3.9644285e+02   3.9232051e+02
   3.9605122e+02   3.5719302e+02
   3.9605122e+02   3.7660099e+02
   3.9549102e+02   4.2417364e+02
   3.9549102e+02   3.9358910e+02
   3.9543939e+02   3.3929807e+02
   3.9524014e+02   3.9770736e+02
   3.9524014e+02   4.0369184e+02
   3.9524014e+02   3.7025805e+02
   3.9524014e+02   3.5049532e+02
   3.9533178e+02   4.1290668e+02
   3.9580418e+02   3.9700971e+02
   3.9580760e+02   3.4802698e+02
   3.9603199e+02   3.9208656e+02
   3.9603199e+02   4.4512539e+02
   3.9603199e+02   3.6677441e+02
   3.9603199e+02   3.7747844e+02
   3.9572875e+02   4.1717587e+02
   3.9498092e+02   4.0866355e+02
   3.9443007e+02   3.4396172e+02
   3.9432583e+02   3.8082060e+02
   3.9320609e+02   3.9876615e+02
   3.9179792e+02   3.8036032e+02
   3.9101729e+02   3.7451585e+02
   3.8979465e+02   3.8882951e+02
   3.8841767e+02   3.9628853e+02
   3.8801772e+02   3.8720913e+02
   3.8651586e+02   3.2856245e+02
   3.8525418e+02   4.2371307e+02
   3.8416130e+02   4.1620140e+02
   3.8317654e+02   3.5015035e+02
   3.8252175e+02   3.4522164e+02
   3.8227499e+02   4.2272932e+02
   3.8082674e+02   4.0621606e+02
   3.7998653e+02   3.2157188e+02
   3.7998653e+02   4.0049951e+02
   3.7998653e+02   3.9614412e+02
   3.8019203e+02   3.7576487e+02
   3.8036014e+02   3.6082899e+02
   3.8040079e+02   3.8715027e+02
   3.8090630e+02   4.0388761e+02
   3.8188739e+02   3.4850187e+02
   3.8188739e+02   3.7787441e+02
   3.8188739e+02   3.9782717e+02
   3.8145776e+02   3.9817576e+02
   3.8081239e+02   3.3500916e+02
   3.8048912e+02   3.6586226e+02
   3.8009465e+02   4.1793998e+02
   3.7946569e+02   3.4440085e+02
   3.7877975e+02   3.6674477e+02
   3.7836399e+02   4.3299644e+02
   3.7806744e+02   4.0743875e+02
   3.7789041e+02   3.4713001e+02
   3.7721794e+02   3.9568013e+02
   3.7690581e+02   4.2638549e+02
   3.7676139e+02   3.7048768e+02
   3.7644307e+02   3.4784431e+02
   3.7566619e+02   4.1536452e+02
   3.7471109e+02   3.7570931e+02
   3.7344041e+02   3.2635015e+02
   3.7261688e+02   3.2857279e+02
   3.7141301e+02   4.0109912e+02
   3.7037500e+02   4.0197940e+02
   3.7000286e+02   3.4927623e+02
   3.7000286e+02   3.7743251e+02
   3.7000286e+02   4.3455273e+02
   3.7019666e+02   3.8135094e+02
   3.7035470e+02   3.1287923e+02
   3.7035470e+02   3.7155400e+02
   3.7035470e+02   4.1028320e+02
   3.7017789e+02   3.1222306e+02
   3.6942903e+02   3.6844694e+02
   3.6923592e+02   4.1509273e+02
   3.6918997e+02   3.6329291e+02
   3.6891523e+02   3.6225990e+02
   3.6891523e+02   3.8018586e+02
   3.6891523e+02   3.9911956e+02
   3.6935050e+02   3.7181235e+02
   3.6960933e+02   3.3706959e+02
   3.7014571e+02   3.7800766e+02
   3.7019951e+02   3.8208290e+02
   3.7021022e+02   3.4476235e+02
   3.7021022e+02   3.6726793e+02
   3.7021022e+02   3.8847289e+02
   3.6950109e+02   3.4060575e+02
   3.6891939e+02   3.4461187e+02
   3.6773550e+02   3.8267482e+02
   3.6716287e+02   3.7326511e+02
   3.6678008e+02   3.7355898e+02
   3.6598773e+02   3.6051634e+02
   3.6500484e+02   3.6672209e+02
   3.6486832e+02   4.0829374e+02
   3.6486832e+02   3.4301554e+02
   3.6486832e+02   3.4350886e+02
   3.6537765e+02   4.0110166e+02
   3.6593875e+02   3.8751656e+02
   3.6659318e+02   3.6154026e+02
   3.6937418e+02   4.0158743e+02
   3.7148959e+02   3.7279597e+02
   3.7167819e+02   3.4818681e+02
   3.7173458e+02   3.5576882e+02
   3.7173458e+02   4.1720901e+02
   3.7173458e+02   4.0229352e+02
   3.7126714e+02   3.4581333e+02
   3.6925994e+02   3.6309039e+02
   3.6763282e+02   3.9480007e+02
   3.6760846e+02   3.3018647e+02
   3.6729490e+02   3.3016232e+02
   3.6723809e+02   3.7022864e+02
   3.6723809e+02   4.1025819e+02
   3.6723809e+02   3.1959842e+02
   3.6733426e+02   3.4432701e+02
   3.6754142e+02   3.8666546e+02
   3.6818138e+02   3.4483661e+02
   3.6887592e+02   3.3887714e+02
   3.7011997e+02   3.5953953e+02
   3.7086650e+02   4.1382535e+02
   3.7217709e+02   3.2853121e+02
   3.7347448e+02   3.2488478e+02
   3.7511519e+02   4.0178086e+02
   3.7588438e+02   4.0306800e+02
   3.7678953e+02   3.4821121e+02
   3.7697924e+02   3.4036667e+02
   3.7788769e+02   3.8828374e+02
   3.7820858e+02   3.9580648e+02
   3.7828586e+02   3.3139524e+02
   3.7832443e+02   3.7080931e+02
   3.7883091e+02   3.9112639e+02
   3.7896017e+02   3.3942572e+02
   3.7925958e+02   3.7155509e+02
   3.8002694e+02   4.0972127e+02
   3.8069394e+02   4.1270554e+02
   3.8082259e+02   3.4295174e+02
   3.8122729e+02   3.9398640e+02
   3.8150212e+02   4.4270351e+02
   3.8265069e+02   3.7645434e+02
   3.8266124e+02   3.4124286e+02
   3.8287831e+02   3.9396197e+02
   3.8305938e+02   4.0474446e+02
   3.8368776e+02   3.6872147e+02
   3.8379805e+02   3.9131372e+02
   3.8393906e+02   4.3017200e+02
   3.8393906e+02   4.0034641e+02
   3.8393906e+02   3.7806066e+02
   3.8379805e+02   3.8706726e+02
   3.8324317e+02   4.3314562e+02
   3.8252768e+02   3.5788453e+02
   3.8124957e+02   3.7108615e+02
   3.8051420e+02   4.0767767e+02
   3.8008614e+02   4.0472201e+02
   3.7940164e+02   3.4745215e+02
   3.7896468e+02   3.4439413e+02
   3.7849998e+02   4.3414341e+02
   3.7790289e+02   3.5895761e+02
   3.7737411e+02   3.5803836e+02
   3.7693389e+02   3.5269270e+02
   3.7587451e+02   3.8379358e+02
   3.7475834e+02   3.3659464e+02
   3.7367074e+02   3.7163806e+02
   3.7254728e+02   4.1345927e+02
   3.7143468e+02   3.9480983e+02
   3.7053188e+02   3.5726269e+02
   3.6868295e+02   3.6173816e+02
   3.6773480e+02   4.2642854e+02
   3.6733972e+02   3.8795381e+02
   3.6686865e+02   3.5232291e+02
   3.6656559e+02   3.5930819e+02
   3.6656559e+02   4.0655667e+02
   3.6656559e+02   3.2040321e+02
   3.6737425e+02   3.6638115e+02
   3.6806800e+02   4.0820786e+02
   3.6830673e+02   3.6626968e+02
   3.6830673e+02   3.4283388e+02
   3.6830673e+02   3.3396801e+02
   3.6826227e+02   4.2177533e+02
   3.6719416e+02   3.3272131e+02
   3.6660794e+02   3.5408809e+02
   3.6569491e+02   3.6119813e+02
   3.6435044e+02   4.0542009e+02
   3.6353783e+02   3.3110154e+02
   3.6259021e+02   3.4618210e+02
   3.6209108e+02   4.2058719e+02
   3.6128613e+02   3.7957880e+02
   3.5979111e+02   2.9898769e+02
   3.5825180e+02   3.4059985e+02
   3.5695908e+02   3.6584712e+02
   3.5552564e+02   3.1580822e+02
   3.5446099e+02   3.2561076e+02
   3.5302461e+02   3.9767349e+02
   3.5227889e+02   3.9651704e+02
   3.5183274e+02   3.1972797e+02
   3.5183274e+02   3.1173200e+02
   3.5183274e+02   3.7952849e+02
   3.5183274e+02   3.5035993e+02
   3.5224007e+02   3.2587654e+02
   3.5224007e+02   3.6151267e+02
   3.5224007e+02   3.6719272e+02
   3.5116886e+02   3.4231606e+02
   3.5101352e+02   3.1208352e+02
   3.5020147e+02   3.9734895e+02
   3.4877714e+02   3.8477265e+02
   3.4761617e+02   3.3155447e+02
   3.4744678e+02   3.3906834e+02
   3.4735274e+02   3.8426870e+02
   3.4735274e+02   3.2205198e+02
   3.4735274e+02   3.0350002e+02
   3.4822679e+02   3.7066074e+02
   3.4822679e+02   3.6589339e+02
   3.4822679e+02   3.0625740e+02
   3.4719041e+02   3.2940756e+02
   3.4656877e+02   3.7774773e+02
   3.4615936e+02   3.3795148e+02
   3.4522293e+02   3.2329362e+02
   3.4418505e+02   3.2737925e+02
   3.4302359e+02   4.0291478e+02
   3.4302359e+02   3.5431898e+02
   3.4196407e+02   3.1094546e+02
   3.4196407e+02   3.5198826e+02
   3.4196407e+02   3.8860357e+02
   3.4196407e+02   2.9734358e+02
   3.3857402e+02   3.3255189e+02
   3.3740773e+02   3.5572758e+02
   3.3309216e+02   3.2855193e+02
   3.3260013e+02   2.8377997e+02
   3.3111346e+02   3.2308719e+02
   3.3028593e+02   3.8880051e+02
   3.2998961e+02   3.4011240e+02
   3.2947845e+02   2.9899768e+02
   3.2887337e+02   3.2584585e+02
   3.2852476e+02   3.5912626e+02
   3.2848593e+02   3.0383361e+02
   3.2837593e+02   2.8300021e+02
   3.2803257e+02   3.6239397e+02
   3.2731701e+02   3.1871619e+02
   3.2653479e+02   2.8961728e+02
   3.2621882e+02   3.1485294e+02
   3.2474800e+02   3.8186275e+02
   3.2420701e+02   2.9027086e+02
   3.2374206e+02   3.0504961e+02
   3.2231800e+02   3.3015275e+02
   3.2231782e+02   3.5248981e+02
   3.2214138e+02   2.7747450e+02
   3.2167210e+02   3.0665613e+02
   3.2117195e+02   3.8489820e+02
   3.2117135e+02   2.9706623e+02
   3.2099330e+02   3.0263411e+02
   3.2080621e+02   3.5982709e+02
   3.2043760e+02   3.2864125e+02
   3.1879869e+02   3.0977644e+02
   3.1840928e+02   3.0139084e+02
   3.1813984e+02   3.3632862e+02
   3.1776318e+02   3.4187886e+02
   3.1776318e+02   2.9221134e+02
   3.1776318e+02   2.9641346e+02
   3.1813984e+02   3.6349877e+02
   3.4407398e+02   3.2523596e+02
   3.4561610e+02   3.3801339e+02
   3.4625319e+02   3.7471528e+02
   3.4631334e+02   3.7314058e+02
   3.4631334e+02   3.1623370e+02
   3.4625319e+02   3.4156362e+02
   3.4625319e+02   3.6560525e+02
   3.4536520e+02   3.8287130e+02
   3.4473529e+02   3.0964366e+02
   3.4376263e+02   3.5454238e+02
   3.4248111e+02   3.6644099e+02
   3.4186079e+02   3.2414795e+02
   3.4186079e+02   3.1216421e+02
   3.4186079e+02   3.4160842e+02
   3.4230167e+02   3.6810849e+02
   3.4313416e+02   3.1109634e+02
   3.4401374e+02   3.4292794e+02
   3.4503835e+02   4.0591710e+02
   3.4503835e+02   3.4702264e+02
   3.4503835e+02   3.3820247e+02
   3.4455057e+02   3.5003436e+02
   3.4300846e+02   3.5905727e+02
   3.4086067e+02   3.2551380e+02
   3.3965623e+02   2.8421628e+02
   3.3798462e+02   3.7733712e+02
   3.3694844e+02   3.2786780e+02
   3.3526271e+02   3.0792330e+02
   3.3440465e+02   3.0848897e+02
   3.3398007e+02   3.6494475e+02
   3.3393233e+02   3.5270135e+02
   3.3326375e+02   3.1903681e+02
   3.3284285e+02   3.7189388e+02
   3.3157698e+02   3.6558585e+02
   3.3074876e+02   2.9636103e+02
   3.2964832e+02   2.7566997e+02
   3.2859348e+02   3.5695545e+02
   3.2769352e+02   3.2838520e+02
   3.2579225e+02   2.8860498e+02
   3.2378232e+02   2.8902877e+02
   3.2238100e+02   3.6389172e+02
   3.2132102e+02   3.0227291e+02
   3.2049933e+02   3.1173286e+02
   3.1976285e+02   3.5712907e+02
   3.1806788e+02   3.4209393e+02
   3.1806788e+02   2.7641168e+02
   3.1795439e+02   2.9970144e+02
   3.1795439e+02   3.6023461e+02
   3.1795439e+02   3.4215308e+02
   3.1765121e+02   2.7537484e+02
   3.1707911e+02   3.2723335e+02
   3.1707531e+02   3.3333498e+02
   3.1659024e+02   2.9158925e+02
   3.1652056e+02   2.9227233e+02
   3.1583091e+02   3.4639042e+02
   3.1583091e+02   3.4312848e+02
   3.1583091e+02   2.8103741e+02
   3.1602551e+02   3.2500897e+02
   3.1619340e+02   3.3587602e+02
   3.1628856e+02   2.9685149e+02
   3.1718406e+02   2.6184333e+02
   3.1814185e+02   2.9559826e+02
   3.1872796e+02   3.6775863e+02
   3.2211171e+02   3.1571349e+02
   3.2387132e+02   2.6928572e+02
   3.2483202e+02   3.2661700e+02
   3.3430035e+02   3.7224214e+02
   3.3506622e+02   2.9928338e+02
   3.3693494e+02   3.1818096e+02
   3.3975484e+02   3.9059103e+02
   3.4021537e+02   3.5824524e+02
   3.4048397e+02   3.0011895e+02
   3.4117575e+02   3.4505003e+02
   3.4247939e+02   3.5795679e+02
   3.4307901e+02   3.1231463e+02
   3.4380307e+02   3.1972297e+02
   3.4436681e+02   3.9874323e+02
   3.4604556e+02   3.5297875e+02
   3.4727256e+02   3.4137595e+02
   3.4784630e+02   3.3420338e+02
   3.4848170e+02   3.8376792e+02
   3.4993644e+02   3.2850628e+02
   3.5099269e+02   3.3305588e+02
   3.5151984e+02   3.8498610e+02
   3.5223116e+02   3.5521450e+02
   3.5259500e+02   3.5357221e+02
   3.5259500e+02   3.4976922e+02
   3.5259500e+02   3.8867902e+02
   3.5227193e+02   3.3726440e+02
   3.5176941e+02   3.2601658e+02
   3.5158139e+02   3.3217919e+02
   3.5095962e+02   3.6605519e+02
   3.5013535e+02   3.3577231e+02
   3.4968548e+02   3.0090027e+02
   3.4944741e+02   3.8921479e+02
   3.4944741e+02   3.9069660e+02
   3.4944741e+02   3.1883760e+02
   3.4964920e+02   3.5888997e+02
   3.5109352e+02   4.0008250e+02
   3.5328131e+02   3.6157106e+02
   3.5632963e+02   3.0409852e+02
   3.5944871e+02   3.6836774e+02
   3.6397973e+02   3.7430688e+02
   3.7496977e+02   3.8621548e+02
   3.8373795e+02   3.7114339e+02
   3.9069721e+02   4.1112903e+02
   3.9176233e+02   4.1325307e+02
   3.9535768e+02   3.5059987e+02
   3.9799559e+02   3.5739643e+02
   3.9913400e+02   4.5288497e+02
   3.9960312e+02   4.1768263e+02
   4.0064508e+02   3.7943336e+02
   4.0174021e+02   3.8455178e+02
   4.0247010e+02   4.4236073e+02
   4.0286105e+02   3.8617748e+02
   4.0310843e+02   3.4862530e+02
   4.0327924e+02   4.6110755e+02
   4.0399502e+02   4.4590417e+02
   4.0399502e+02   3.8580433e+02
   4.0399502e+02   4.1125688e+02
   4.0387118e+02   4.3974634e+02
   4.0382428e+02   3.7044061e+02
   4.0340167e+02   3.8555393e+02
   4.0305869e+02   4.0308210e+02
   4.0268605e+02   4.3001329e+02
   4.0190275e+02   3.6266822e+02
   4.0178656e+02   3.5200534e+02
   4.0149123e+02   4.4185925e+02
   4.0149123e+02   4.0616901e+02
   4.0149123e+02   3.6222375e+02
   4.0177513e+02   3.8404745e+02
   4.0346712e+02   4.5564926e+02
   4.0552675e+02   4.0727583e+02
   4.0738561e+02   3.5075422e+02
   4.0919292e+02   4.5201134e+02
   4.1167617e+02   4.3145381e+02
   4.1407628e+02   3.5776141e+02
   4.1561057e+02   3.9304083e+02
   4.1660574e+02   4.7430093e+02
   4.1716975e+02   4.2381776e+02
   4.1774702e+02   3.8919353e+02
   4.1859570e+02   4.3666752e+02
   4.1878948e+02   4.4555212e+02
   4.1878948e+02   3.9046429e+02
   4.1878948e+02   4.1981304e+02
   4.1838739e+02   4.6683540e+02
   4.1797318e+02   4.1554156e+02
   4.1714780e+02   4.0949986e+02
   4.1606306e+02   4.1328780e+02
   4.1500373e+02   4.7644574e+02
   4.1376836e+02   4.0970661e+02
   4.1217246e+02   3.7353922e+02
   4.1179358e+02   4.4595243e+02
   4.1054924e+02   4.6480634e+02
   4.0974492e+02   3.8894087e+02
   4.0906501e+02   3.7317704e+02
   4.0856577e+02   4.2728374e+02
   4.0856577e+02   4.2411961e+02
   4.0856577e+02   3.5419921e+02
   4.0916097e+02   3.7592648e+02
   4.1151496e+02   4.6991760e+02
   4.1357048e+02   3.8332604e+02
   4.1690236e+02   3.6484930e+02
   4.2220097e+02   4.4813489e+02
   4.2516068e+02   4.4209716e+02
   4.2724389e+02   4.2407897e+02
   4.2948523e+02   4.2251881e+02
   4.3051060e+02   4.3500696e+02
   4.3051151e+02   4.5557835e+02
   4.3051308e+02   4.0760389e+02
   4.3069765e+02   4.5495910e+02
   4.3069765e+02   4.9047725e+02
   4.3069765e+02   4.0887938e+02
   4.3020671e+02   3.9701205e+02
   4.2942937e+02   4.2825674e+02
   4.2856868e+02   4.2896316e+02
   4.2757296e+02   4.0160650e+02
   4.2633552e+02   3.8866740e+02
   4.2517951e+02   4.4873149e+02
   4.2404917e+02   4.2061971e+02
   4.2304247e+02   3.8816625e+02
   4.2221599e+02   4.3816295e+02
   4.2120859e+02   4.2558581e+02
   4.2010394e+02   4.1860145e+02
   4.1890618e+02   4.0388542e+02
   4.1808946e+02   4.2766192e+02
   4.1716076e+02   4.6454573e+02
   4.1614620e+02   3.6192916e+02
   4.1547444e+02   3.8273891e+02
   4.1472493e+02   4.2828213e+02
   4.1406503e+02   4.4005587e+02
   4.1406503e+02   3.5899538e+02
   4.1406503e+02   4.0195759e+02
   4.1390253e+02   4.3701239e+02
   4.1390253e+02   4.1324269e+02
   4.1348919e+02   4.1605101e+02
   4.1348919e+02   4.6186645e+02
   4.1339941e+02   4.0432425e+02
   4.1329728e+02   3.8664455e+02
   4.1329728e+02   3.8995176e+02
   4.1249669e+02   4.5280441e+02
   4.1166214e+02   4.3168705e+02
   4.1124957e+02   3.7217956e+02
   4.1057803e+02   4.5275177e+02
   4.0903902e+02   4.5174320e+02
   4.0691670e+02   3.5613197e+02
   4.0497124e+02   3.6302148e+02
   4.0355081e+02   4.5672400e+02
   4.0242431e+02   4.0258584e+02
   4.0091656e+02   3.8212037e+02
   3.9925570e+02   4.2209127e+02
   3.9811008e+02   4.3299369e+02
   3.9693704e+02   3.8436736e+02
   3.9609402e+02   3.7600140e+02
   3.9387949e+02   4.0214614e+02
   3.9116817e+02   4.2521254e+02
   3.8921848e+02   3.8528655e+02
   3.8660502e+02   3.8888826e+02
   3.8366987e+02   4.3004540e+02
   3.8080620e+02   3.9792033e+02
   3.7770017e+02   3.4869573e+02
   3.7671496e+02   3.9085622e+02
   3.7594704e+02   4.0191374e+02
   3.7562601e+02   3.6666285e+02
   3.7542048e+02   3.2152903e+02
   3.7513439e+02   3.8243984e+02
   3.7513439e+02   3.8448548e+02
   3.7509706e+02   3.6665074e+02
   3.7387366e+02   3.4524225e+02
   3.7262878e+02   3.9256091e+02
   3.7107618e+02   3.9098360e+02
   3.6913201e+02   3.3101867e+02
   3.6649199e+02   4.0426357e+02
   3.6493409e+02   4.0153212e+02
   3.6275651e+02   3.4487478e+02
   3.6098889e+02   3.4652992e+02
   3.5890600e+02   3.7761543e+02
   3.5708004e+02   4.0199536e+02
   3.5473155e+02   3.1583834e+02
   3.5328039e+02   3.7520146e+02
   3.5131691e+02   4.0397311e+02
   3.4928995e+02   3.7072006e+02
   3.4736297e+02   3.1407030e+02
   3.4571705e+02   3.3825816e+02
   3.4349962e+02   3.7544880e+02
   3.4214320e+02   3.2580231e+02
   3.4097012e+02   3.2964301e+02
   3.3965909e+02   3.8875751e+02
   3.3850722e+02   3.6849025e+02
   3.3824382e+02   2.8428095e+02
   3.3824382e+02   3.4244025e+02
   3.3824382e+02   3.4915609e+02
   3.3901053e+02   3.4674709e+02
   3.3997927e+02   2.9789918e+02
   3.4171751e+02   3.7737353e+02
   3.4356501e+02   3.9411977e+02
   3.4485766e+02   3.4544711e+02
   3.4615156e+02   3.0366082e+02
   3.4615156e+02   4.0005275e+02
   3.4615156e+02   3.6245193e+02
   3.4585886e+02   3.1120685e+02
   3.4507635e+02   3.3827443e+02
   3.4475628e+02   3.6597515e+02
   3.4390375e+02   3.5366091e+02
   3.4257395e+02   3.4265008e+02
   3.4090697e+02   3.9443622e+02
   3.3951833e+02   3.6907228e+02
   3.3827611e+02   2.8635699e+02
   3.3674336e+02   3.0751447e+02
   3.3487148e+02   3.9573987e+02
   3.3336030e+02   3.1840861e+02
   3.3180872e+02   2.8051679e+02
   3.3083241e+02   3.6047184e+02
   3.3015670e+02   3.5782648e+02
   3.2876049e+02   3.2398868e+02
   3.2773089e+02   2.8199827e+02
   3.2684038e+02   3.3067029e+02
   3.2592735e+02   3.2240412e+02
   3.2570521e+02   2.7498669e+02
   3.2570521e+02   3.2206833e+02
   3.2570521e+02   3.4608712e+02
   3.2680850e+02   3.4997865e+02
   3.2844163e+02   2.6762534e+02
   3.3008877e+02   3.6313405e+02
   3.3240293e+02   3.7370697e+02
   3.3428520e+02   3.2389358e+02
   3.3577616e+02   3.1017677e+02
   3.3690987e+02   3.6911811e+02
   3.3690987e+02   3.4365775e+02
   3.3690987e+02   2.8309412e+02
   3.3676693e+02   3.4028750e+02
   3.3579681e+02   3.5789412e+02
   3.3472672e+02   3.0937990e+02
   3.3352644e+02   3.0838627e+02
   3.3190790e+02   3.6392195e+02
   3.3012856e+02   3.5351578e+02
   3.2879674e+02   2.7739717e+02
   3.2750876e+02   3.2002273e+02
   3.2602560e+02   3.5760562e+02
   3.2513751e+02   3.6061108e+02
   3.2375414e+02   2.7941836e+02
   3.2259740e+02   3.1187251e+02
   3.2168439e+02   3.2923971e+02
   3.2040937e+02   2.7631917e+02
   3.1945031e+02   2.7093778e+02
   3.1796839e+02   3.2604638e+02
   3.1592182e+02   3.2894226e+02
   3.1435211e+02   3.0658823e+02
   3.1301781e+02   2.8166754e+02
   3.1161460e+02   3.5055285e+02
   3.1074551e+02   3.1769573e+02
   3.0974334e+02   2.6914307e+02
   3.0949219e+02   2.9893748e+02
   3.0938222e+02   3.6244392e+02
   3.0923014e+02   3.0252995e+02
   3.0881162e+02   2.9684707e+02
   3.0870427e+02   3.2217193e+02
   3.0819473e+02   3.5106352e+02
   3.0761538e+02   2.8546162e+02
   3.0711866e+02   2.8425755e+02
   3.0591210e+02   3.2248237e+02
   3.0549021e+02   3.0910150e+02
   3.0468111e+02   2.4912073e+02
   3.0361519e+02   2.9596578e+02
   3.0270656e+02   3.5529888e+02
   3.0170687e+02   2.6285177e+02
   3.0025707e+02   2.5430177e+02
   2.9889330e+02   3.1830130e+02
   2.9714085e+02   3.1797932e+02
   2.9597665e+02   2.6925889e+02
   2.9454273e+02   2.6935126e+02
   2.9296562e+02   3.1957637e+02
   2.9147263e+02   3.0592576e+02
   2.8987200e+02   2.7764186e+02
   2.8869854e+02   2.9480730e+02
   2.8722033e+02   3.0564257e+02
   2.8545161e+02   2.6784985e+02
   2.8415649e+02   2.3856740e+02
   2.8297502e+02   3.1278078e+02
   2.8121081e+02   2.6237977e+02
   2.7965906e+02   2.4597142e+02
   2.7845973e+02   2.7752413e+02
   2.7779856e+02   3.4034166e+02
   2.7626588e+02   2.6983386e+02
   2.7556735e+02   2.5189318e+02
   2.7510771e+02   3.1563549e+02
   2.7483294e+02   3.1333421e+02
   2.7475494e+02   2.6810689e+02
   2.7442169e+02   2.5214750e+02
   2.7394824e+02   2.8853319e+02
   2.7376647e+02   2.9508735e+02
   2.7291753e+02   2.2502508e+02
   2.7214054e+02   2.6467873e+02
   2.7073493e+02   2.9685655e+02
   2.6977295e+02   2.2521872e+02
   2.6752326e+02   2.1338832e+02
   2.6553946e+02   2.6639545e+02
   2.6402606e+02   2.8435114e+02
   2.6221823e+02   2.1456333e+02
   2.6045454e+02   2.5599521e+02
   2.5853546e+02   3.0011300e+02
   2.5718251e+02   2.3235633e+02
   2.5625597e+02   1.9708291e+02
   2.5518581e+02   2.9807493e+02
   2.5391299e+02   2.9300808e+02
   2.5301714e+02   2.4206575e+02
   2.5182589e+02   2.3536458e+02
   2.5119031e+02   2.8207158e+02
   2.5009715e+02   2.5410213e+02
   2.4973653e+02   1.8962725e+02
   2.4884129e+02   2.4080411e+02
   2.4759756e+02   2.9804151e+02
   2.4644501e+02   2.1669568e+02
   2.4519587e+02   2.1515322e+02
   2.4220120e+02   2.8169227e+02
   2.3999593e+02   2.6344792e+02
   2.3999593e+02   2.0285257e+02
   2.3999593e+02   2.4158228e+02
   2.4003098e+02   2.4940369e+02
   2.4030667e+02   2.6621950e+02
   2.4091013e+02   2.1332515e+02
   2.4235848e+02   2.3902129e+02
   2.4235848e+02   2.5091804e+02
   2.4235848e+02   2.5588702e+02
   2.4192818e+02   1.8866126e+02
   2.4093550e+02   2.8382307e+02
   2.3980793e+02   2.3978945e+02
   2.3875036e+02   2.3515691e+02
   2.3782860e+02   2.4511896e+02
   2.3696890e+02   2.4878799e+02
   2.3640277e+02   2.5893948e+02
   2.3560224e+02   2.2306895e+02
   2.3518612e+02   2.4336592e+02
   2.3470091e+02   2.3847927e+02
   2.3377918e+02   1.9219825e+02
   2.3371609e+02   2.3837795e+02
   2.3325697e+02   2.6108484e+02
   2.3257247e+02   2.7429082e+02
   2.3192723e+02   1.7191163e+02
   2.3154041e+02   2.1462095e+02
   2.3142844e+02   2.8909518e+02
   2.3124474e+02   1.9797660e+02
   2.3122730e+02   2.2559923e+02
   2.3122730e+02   2.4772376e+02
   2.3103537e+02   2.8412134e+02
   2.3097122e+02   2.1064809e+02
   2.3054135e+02   2.2331986e+02
   2.3032704e+02   2.8572914e+02
   2.3009980e+02   2.5805383e+02
   2.2929239e+02   1.9985088e+02
   2.2887361e+02   2.4633254e+02
   2.2860218e+02   2.7806874e+02
   2.2851415e+02   2.0655300e+02
   2.2839224e+02   1.9733640e+02
   2.2798724e+02   2.6306095e+02
   2.2677266e+02   2.5358513e+02
   2.2612277e+02   2.0969000e+02
   2.2539649e+02   2.2012091e+02
   2.2395705e+02   2.7321849e+02
   2.2302150e+02   2.3657745e+02
   2.2166552e+02   1.8900570e+02
   2.2081331e+02   2.3300831e+02
   2.2032467e+02   2.7162987e+02
   2.2023843e+02   2.1122808e+02
   2.2022448e+02   1.6545005e+02
   2.2014464e+02   2.3544708e+02
   2.1962800e+02   2.4191867e+02
   2.1962800e+02   1.7855198e+02
   2.1958333e+02   2.1327965e+02
   2.1956493e+02   2.3811780e+02
   2.1916304e+02   1.9847690e+02
   2.1916304e+02   2.0022939e+02
   2.1916304e+02   2.0878636e+02
   2.1964684e+02   2.4799764e+02
   2.1969241e+02   1.8675965e+02
   2.2022083e+02   1.6604205e+02
   2.2050622e+02   2.7510634e+02
   2.2074162e+02   2.1235533e+02
   2.2080024e+02   1.8519504e+02
   2.2080024e+02   2.2730030e+02
   2.2080024e+02   2.4981262e+02
   2.2051921e+02   2.3838594e+02
   2.1968005e+02   1.9311858e+02
   2.1930441e+02   2.6377692e+02
   2.1891720e+02   2.5106006e+02
   2.1851533e+02   1.7442925e+02
   2.1808179e+02   1.9103980e+02
   2.1731595e+02   2.3339223e+02
   2.1697088e+02   2.0590593e+02
   2.1693383e+02   2.0200481e+02
   2.1687427e+02   1.9453613e+02
   2.1662810e+02   2.2741696e+02
   2.1662810e+02   1.8933831e+02
   2.1662810e+02   1.8828922e+02
   2.1659880e+02   2.5975751e+02
   2.1659880e+02   2.3126826e+02
   2.1659880e+02   1.8051805e+02
   2.1596811e+02   2.1724471e+02
   2.1564456e+02   2.4893734e+02
   2.1511786e+02   1.9601740e+02
   2.1452145e+02   1.6973702e+02
   2.1428604e+02   1.9353799e+02
   2.1413931e+02   2.3841940e+02
   2.1413931e+02   2.1053854e+02
   2.1413931e+02   1.9466869e+02
   2.1413931e+02   2.1749081e+02
   2.1413931e+02   2.0607392e+02
   2.1416412e+02   1.6429878e+02
   2.1428706e+02   2.0359395e+02
   2.1436485e+02   2.3133562e+02
   2.1437321e+02   2.3453168e+02
   2.1459970e+02   1.9040847e+02
   2.1535878e+02   1.9718068e+02
   2.1535878e+02   2.4548456e+02
   2.1546614e+02   1.7200185e+02
   2.1546614e+02   1.7079045e+02
   2.1548155e+02   2.2348912e+02
   2.1548155e+02   2.2255456e+02
   2.1559630e+02   1.7930244e+02
   2.1559630e+02   2.3065895e+02
   2.1582168e+02   2.7557775e+02
   2.1627738e+02   2.2656328e+02
   2.1664477e+02   1.5471905e+02
   2.1677491e+02   2.5826110e+02
   2.1727565e+02   2.4993388e+02
   2.1752889e+02   2.1652333e+02
   2.1754174e+02   2.2004745e+02
   2.1775098e+02   2.6500495e+02
   2.1791021e+02   2.0938223e+02
   2.1878568e+02   1.8178326e+02
   2.1993830e+02   2.2729496e+02
   2.2069687e+02   2.5351501e+02
   2.2147920e+02   2.1026157e+02
   2.2237572e+02   2.0246386e+02
   2.2403813e+02   2.1666015e+02
   2.2580214e+02   2.2602290e+02
   2.2706548e+02   1.6889912e+02
   2.2790242e+02   2.3137861e+02
   2.2953396e+02   2.6962536e+02
   2.3113244e+02   2.3245542e+02
   2.3236376e+02   2.2360559e+02
   2.3370735e+02   2.1075377e+02
   2.3515266e+02   2.4934170e+02
   2.3633778e+02   2.1611761e+02
   2.3775895e+02   1.9283152e+02
   2.3811627e+02   2.7421663e+02
   2.3883662e+02   2.4789487e+02
   2.3922542e+02   2.0504437e+02
   2.3922542e+02   2.0698668e+02
   2.3922542e+02   2.9250922e+02
   2.3911547e+02   2.6555171e+02
   2.3911547e+02   1.7536952e+02
   2.3911547e+02   2.4653342e+02
   2.3937197e+02   2.7384356e+02
   2.3945746e+02   2.0822005e+02
   2.3962120e+02   2.3714835e+02
   2.3970475e+02   2.4677190e+02
   2.3986400e+02   2.8240524e+02
   2.4019147e+02   2.1221538e+02
   2.4052656e+02   2.4429459e+02
   2.4066734e+02   2.5562046e+02
   2.4154820e+02   2.4512425e+02
   2.4185956e+02   2.3671289e+02
   2.4218178e+02   2.7888452e+02
   2.4249646e+02   2.7272128e+02
   2.4317230e+02   2.2024293e+02
   2.4380171e+02   2.2139815e+02
   2.4478326e+02   2.9115352e+02
   2.4510753e+02   2.8147889e+02
   2.4559998e+02   2.3496355e+02
   2.4620210e+02   2.3726488e+02
   2.4655220e+02   3.0229018e+02
   2.4655220e+02   2.5057419e+02
   2.4665066e+02   1.9906731e+02
   2.4673589e+02   2.8795777e+02
   2.4673589e+02   2.5515359e+02
   2.4686284e+02   2.3377553e+02
   2.4746702e+02   2.2577039e+02
   2.4757279e+02   2.7139671e+02
   2.4777363e+02   2.3213263e+02
   2.4785787e+02   1.9805778e+02
   2.4821428e+02   2.7233556e+02
   2.4836170e+02   2.6800556e+02
   2.4849958e+02   2.1267344e+02
   2.4849958e+02   2.4902587e+02
   2.4884996e+02   2.8435353e+02
   2.4911840e+02   2.4337361e+02
   2.4959966e+02   2.1693906e+02
   2.5007007e+02   2.1345290e+02
   2.5066185e+02   2.7843011e+02
   2.5155962e+02   2.5904296e+02
   2.5198563e+02   2.4138126e+02
   2.5268450e+02   2.8034366e+02
   2.5349851e+02   2.8949075e+02
   2.5463731e+02   2.4523063e+02
   2.5552452e+02   2.6028517e+02
   2.5712970e+02   2.6454713e+02
   2.5905872e+02   2.6437176e+02
   2.6076385e+02   2.0457719e+02
   2.6261302e+02   2.3276721e+02
   2.6457272e+02   3.0430305e+02
   2.6711507e+02   2.5992275e+02
   2.7029017e+02   2.6063349e+02
   2.7285920e+02   2.6811812e+02
   2.7545915e+02   2.7841044e+02
   2.7798966e+02   2.4303610e+02
   2.8107879e+02   2.4300469e+02
   2.8360177e+02   2.9749022e+02
   2.8570081e+02   2.6891846e+02
   2.8761695e+02   2.8202031e+02
   2.8991860e+02   2.7282229e+02
   2.9201155e+02   3.2052794e+02
   2.9386070e+02   2.5674211e+02
   2.9487517e+02   2.6050101e+02
   2.9613176e+02   3.3111010e+02
   2.9730900e+02   3.0075216e+02
   2.9782841e+02   2.7021627e+02
   2.9852179e+02   3.0124814e+02
   2.9905913e+02   3.1796857e+02
   3.0010424e+02   2.8614423e+02
   3.0098547e+02   2.5404102e+02
   3.0222079e+02   2.8372398e+02
   3.0309073e+02   3.2722184e+02
   3.0502828e+02   2.9163464e+02
   3.0675488e+02   2.5377359e+02
   3.0823307e+02   3.4134807e+02
   3.1014126e+02   3.3156547e+02
   3.1199268e+02   2.5143472e+02
   3.1349322e+02   3.1574477e+02
   3.1560618e+02   3.6180196e+02
   3.1646146e+02   3.2104746e+02
   3.1700112e+02   3.0091910e+02
   3.1890072e+02   3.0198712e+02
   3.2017791e+02   3.4058990e+02
   3.2240940e+02   2.9672449e+02
   3.2525033e+02   3.2212438e+02
   3.2762423e+02   3.6452484e+02
   3.3072097e+02   3.4031193e+02
   3.3345357e+02   2.9295596e+02
   3.3473075e+02   3.3961628e+02
   3.3703590e+02   3.4654220e+02
   3.3941334e+02   3.4115846e+02
   3.4132893e+02   3.1416270e+02
   3.4316477e+02   3.6993818e+02
   3.4505265e+02   4.0193448e+02
   3.4707207e+02   3.2499786e+02
   3.5046004e+02   3.1947065e+02
   3.5352395e+02   3.9330682e+02
   3.5552940e+02   3.7839765e+02
   3.5776524e+02   3.1623110e+02
   3.6065229e+02   3.8466752e+02
   3.6352658e+02   3.7330017e+02
   3.6614313e+02   3.2759927e+02
   3.6814670e+02   3.2253836e+02
   3.7059676e+02   3.8061691e+02
   3.7379181e+02   4.1271742e+02
   3.7723808e+02   3.7268123e+02
   3.8012135e+02   3.7876701e+02
   3.8236238e+02   4.1718503e+02
   3.8535842e+02   4.1849548e+02
   3.8815907e+02   3.3802446e+02
   3.8966261e+02   3.9903788e+02
   3.9085063e+02   4.3002744e+02
   3.9175980e+02   3.8679055e+02
   3.9302036e+02   3.7079402e+02
   3.9461677e+02   4.0753976e+02
   3.9667379e+02   4.0664586e+02
   3.9893666e+02   3.4721039e+02
   4.0166416e+02   3.9667461e+02
   4.0392785e+02   4.4314021e+02
   4.0661523e+02   4.2561727e+02
   4.0912555e+02   3.5757792e+02
   4.1154386e+02   4.0270727e+02
   4.1362633e+02   4.5462885e+02
   4.1571732e+02   3.8384244e+02
   4.1701057e+02   4.0542818e+02
   4.1895981e+02   4.2553949e+02
   4.2096630e+02   4.3677136e+02
   4.2252192e+02   3.8088288e+02
   4.2407305e+02   3.9816494e+02
   4.2489081e+02   4.5055639e+02
   4.2520259e+02   3.9249316e+02
   4.2613991e+02   3.8192808e+02
   4.2638763e+02   4.2636743e+02
   4.2643625e+02   4.4777006e+02
   4.2663572e+02   3.8849816e+02
   4.2751137e+02   4.0553381e+02
   4.2876663e+02   4.8664952e+02
   4.3018055e+02   4.3118902e+02
   4.3191442e+02   3.9159168e+02
   4.3348292e+02   4.2648854e+02
   4.3437807e+02   4.5927670e+02
   4.3520239e+02   4.2935001e+02
   4.3583274e+02   4.0454211e+02
   4.3653576e+02   4.5917984e+02
   4.3724280e+02   4.4329590e+02
   4.3777789e+02   4.3492533e+02
   4.3847525e+02   4.3827598e+02
   4.3975610e+02   4.9603702e+02
   4.4092408e+02   4.4425680e+02
   4.4182939e+02   4.1189616e+02
   4.4305530e+02   4.4671129e+02
   4.4425710e+02   4.9187019e+02
   4.4490643e+02   4.1594098e+02
   4.4615640e+02   3.9589043e+02
   4.4765340e+02   4.9520874e+02
   4.4894683e+02   4.5376156e+02
   4.5051339e+02   4.3893940e+02
   4.5177023e+02   4.3685131e+02
   4.5321842e+02   4.8253085e+02
   4.5539139e+02   4.7864645e+02
   4.5721069e+02   4.1124073e+02
   4.5886332e+02   4.8486264e+02
   4.6058074e+02   5.1132318e+02
   4.6145046e+02   4.4147524e+02
   4.6211068e+02   4.2647558e+02
   4.6260825e+02   5.0966436e+02
   4.6357971e+02   5.0161674e+02
   4.6468881e+02   4.1855125e+02
   4.6505387e+02   4.3526644e+02
   4.6610157e+02   4.9776868e+02
   4.6782304e+02   4.7571170e+02
   4.6970518e+02   4.2970317e+02
   4.7102112e+02   5.0437471e+02
   4.7196911e+02   5.0876202e+02
   4.7316896e+02   4.2003215e+02
   4.7485476e+02   4.2933883e+02
   4.7637240e+02   5.1172620e+02
   4.7767311e+02   5.1407542e+02
   4.7879922e+02   4.2291252e+02
   4.8100806e+02   4.8807787e+02
   4.8221519e+02   5.0867679e+02
   4.8359573e+02   4.9178961e+02
   4.8505501e+02   4.5797677e+02
   4.8580627e+02   5.3555953e+02
   4.8672887e+02   5.2066312e+02
   4.8738077e+02   4.4101744e+02
   4.8746374e+02   4.4668467e+02
   4.8826246e+02   4.9913418e+02
   4.8920399e+02   5.2390032e+02
   4.9001785e+02   4.8277383e+02
   4.9114741e+02   5.1901918e+02
   4.9196934e+02   5.4132037e+02
   4.9293754e+02   4.8119122e+02
   4.9445386e+02   4.3944368e+02
   4.9522082e+02   5.3804141e+02
   4.9547242e+02   5.1454017e+02
   4.9560683e+02   4.6087120e+02
   4.9592608e+02   5.1053783e+02
   4.9634738e+02   5.1638714e+02
   4.9694730e+02   4.7617962e+02
   4.9727819e+02   4.3433499e+02
   4.9789981e+02   4.9284189e+02
   4.9837397e+02   5.4786397e+02
   4.9879269e+02   4.5162713e+02
   4.9909227e+02   4.9742272e+02
   4.9928369e+02   5.2000925e+02
   4.9937700e+02   4.9724493e+02
   4.9953251e+02   4.5462838e+02
   4.9953251e+02   4.7017549e+02
   4.9988212e+02   5.1780750e+02
   4.9999722e+02   4.8439697e+02
   5.0022623e+02   4.7531703e+02
   5.0023546e+02   5.2269318e+02
   5.0115915e+02   5.1841491e+02
   5.0123539e+02   4.5113726e+02
   5.0175047e+02   4.8154062e+02
   5.0175047e+02   5.3588932e+02
   5.0207112e+02   5.2727116e+02
   5.0207112e+02   4.9364712e+02
   5.0207112e+02   4.7244326e+02
   5.0207112e+02   5.1633195e+02
   5.0311704e+02   5.1731346e+02
   5.0348381e+02   4.4731435e+02
   5.0352665e+02   5.1533633e+02
   5.0471897e+02   5.1601233e+02
   5.0597260e+02   4.5937046e+02
   5.0646119e+02   4.8203687e+02
   5.0716214e+02   5.2760551e+02
   5.0743050e+02   4.8828532e+02
   5.0782709e+02   4.5029161e+02
   5.0811793e+02   5.1181775e+02
   5.0902266e+02   5.4370007e+02
   5.0973792e+02   4.8444281e+02
   5.1028023e+02   4.8694148e+02
   5.1083576e+02   5.2607235e+02
   5.1115926e+02   5.5163725e+02
   5.1129350e+02   5.0179532e+02
   5.1129350e+02   4.8614934e+02
   5.1129350e+02   5.1802630e+02
   5.1036604e+02   5.0245457e+02
   5.0998684e+02   4.7368187e+02
   5.0966813e+02   5.1039565e+02
   5.0957180e+02   5.5268861e+02
   5.0910056e+02   4.7653665e+02
   5.0910056e+02   4.6934170e+02
   5.0910056e+02   5.5250229e+02
   5.1038568e+02   5.2181938e+02
   5.1098958e+02   4.9170888e+02
   5.1120170e+02   5.0363444e+02
   5.1160040e+02   5.2265095e+02
   5.1177421e+02   5.1089673e+02
   5.1177421e+02   4.7557164e+02
   5.1177421e+02   5.3813550e+02
   5.1039649e+02   5.2587518e+02
   5.0994416e+02   4.9886252e+02
   5.0921038e+02   5.1134415e+02
   5.0830923e+02   5.1150825e+02
   5.0752432e+02   5.3303690e+02
   5.0752432e+02   4.8447180e+02
   5.0752432e+02   5.3003928e+02
   5.0831069e+02   5.2735031e+02
   5.0834988e+02   5.1711122e+02
   5.0856930e+02   4.9534824e+02
   5.0913001e+02   5.4781911e+02
   5.0966526e+02   5.1010910e+02
   5.0982596e+02   4.8948911e+02
   5.1016874e+02   5.1733986e+02
   5.1026402e+02   5.3121771e+02
   5.1067533e+02   5.0167320e+02
   5.1126079e+02   4.7978566e+02
   5.1182498e+02   5.3710934e+02
   5.1212592e+02   5.5983577e+02
   5.1218275e+02   4.7733182e+02
   5.1221484e+02   5.0497191e+02
   5.1234001e+02   5.4869514e+02
   5.1251855e+02   5.0726137e+02
   5.1258138e+02   5.0760782e+02
   5.1302776e+02   5.0537835e+02
   5.1322633e+02   5.4972773e+02
   5.1394129e+02   5.0345256e+02
   5.1449469e+02   4.9387120e+02
   5.1505285e+02   5.1399835e+02
   5.1505285e+02   5.2890643e+02
   5.1505285e+02   4.7354384e+02
   5.1471787e+02   4.6593485e+02
   5.1454178e+02   5.2370685e+02
   5.1403147e+02   5.5024592e+02
   5.1305283e+02   4.7005179e+02
   5.1221992e+02   5.2182631e+02
   5.1221992e+02   5.7141839e+02
   5.1221992e+02   5.0769159e+02
   5.1245548e+02   4.7489807e+02
   5.1271644e+02   5.1233577e+02
   5.1271644e+02   5.3366034e+02
   5.1271644e+02   5.1769523e+02
   5.1246752e+02   4.7915431e+02
   5.1181336e+02   5.2088958e+02
   5.1141914e+02   5.2293408e+02
   5.1112220e+02   4.9057255e+02
   5.1112220e+02   5.0010284e+02
   5.1112220e+02   5.1949212e+02
   5.1138137e+02   5.2258394e+02
   5.1138137e+02   4.8972535e+02
   5.1138137e+02   5.1068003e+02
   5.1133055e+02   5.4505847e+02
   5.1120110e+02   4.6451099e+02
   5.1110966e+02   5.1923255e+02
   5.1057981e+02   5.7268354e+02
   5.0989753e+02   5.1774560e+02
   5.0967623e+02   4.6041297e+02
   5.0966246e+02   5.1213596e+02
   5.0966246e+02   5.1324433e+02
   5.0966246e+02   4.8691851e+02
   5.0967623e+02   4.8450925e+02
   5.0983500e+02   5.5808416e+02
   5.1048256e+02   5.1674407e+02
   5.1048256e+02   4.9244604e+02
   5.1048256e+02   4.7283540e+02
   5.0972508e+02   5.6074572e+02
   5.0885416e+02   5.2246240e+02
   5.0831390e+02   4.6723763e+02
   5.0786956e+02   5.2307264e+02
   5.0771691e+02   5.3168285e+02
   5.0751257e+02   4.7904618e+02
   5.0751257e+02   4.9636741e+02
   5.0751257e+02   5.5713128e+02
   5.0789220e+02   5.3362879e+02
   5.0789220e+02   4.8331422e+02
   5.0789220e+02   5.0756246e+02
   5.0803069e+02   5.3265657e+02
   5.0810247e+02   4.8662917e+02
   5.0848367e+02   4.8002323e+02
   5.0848367e+02   5.4057248e+02
   5.0848367e+02   5.1925883e+02
   5.0848367e+02   4.9839255e+02
   5.0844418e+02   4.8605396e+02
   5.0830151e+02   5.6860900e+02
   5.0785407e+02   5.1172618e+02
   5.0686618e+02   5.0139218e+02
   5.0667070e+02   5.0779951e+02
   5.0601781e+02   5.5384247e+02
   5.0566824e+02   4.8037822e+02
   5.0566824e+02   5.0234446e+02
   5.0566824e+02   5.5188643e+02
   5.0601182e+02   5.1041017e+02
   5.0628764e+02   4.5241008e+02
   5.0636577e+02   4.7271945e+02
   5.0640338e+02   5.4227354e+02
   5.0644799e+02   5.1004955e+02
   5.0654451e+02   4.5861234e+02
   5.0655317e+02   5.3645247e+02
   5.0655317e+02   5.3056840e+02
   5.0724019e+02   4.9378046e+02
   5.0807316e+02   4.5422140e+02
   5.0823322e+02   5.2960500e+02
   5.0886869e+02   5.4090102e+02
   5.0959526e+02   4.5236117e+02
   5.1011697e+02   5.0346739e+02
   5.1039539e+02   5.4197277e+02
   5.1042408e+02   4.8149124e+02
   5.1048707e+02   4.9194142e+02
   5.1162033e+02   5.2571541e+02
   5.1232131e+02   5.1464420e+02
   5.1307183e+02   4.8296122e+02
   5.1380475e+02   4.9610897e+02
   5.1491242e+02   5.2186725e+02
   5.1575260e+02   5.0250269e+02
   5.1686374e+02   4.8842055e+02
   5.1686374e+02   5.1863191e+02
   5.1686374e+02   5.5784477e+02
   5.1674742e+02   5.0139996e+02
   5.1643256e+02   5.0207980e+02
   5.1601598e+02   5.2536634e+02
   5.1541340e+02   5.6660950e+02
   5.1528127e+02   4.6078428e+02
   5.1528127e+02   5.1376592e+02
   5.1514074e+02   5.3705968e+02
   5.1514074e+02   5.1439581e+02
   5.1514074e+02   4.6830067e+02
   5.1488849e+02   4.9983451e+02
   5.1468634e+02   5.6860510e+02
   5.1465207e+02   4.8892381e+02
   5.1392403e+02   4.7702011e+02
   5.1339013e+02   5.4315401e+02
   5.1302910e+02   5.6183913e+02
   5.1297673e+02   5.1343864e+02
   5.1279850e+02   4.9931926e+02
   5.1279850e+02   5.1851866e+02
   5.1279850e+02   5.4373084e+02
   5.1279850e+02   4.6708956e+02
   5.1252871e+02   4.9100384e+02
   5.1232816e+02   5.3002631e+02
   5.1189734e+02   4.7041420e+02
   5.1137544e+02   4.8922121e+02
   5.1039183e+02   5.3447320e+02
   5.0932409e+02   5.5294378e+02
   5.0819458e+02   4.5956735e+02
   5.0574872e+02   5.0538068e+02
   5.0352496e+02   5.6576428e+02
   5.0097664e+02   5.2156145e+02
   4.9865237e+02   4.6967490e+02
   4.9628080e+02   5.1313648e+02
   4.9385155e+02   5.2457424e+02
   4.9050759e+02   4.7994150e+02
   4.8841184e+02   4.5674876e+02
   4.8652843e+02   5.0026383e+02
   4.8509635e+02   5.0198831e+02
   4.8288394e+02   4.4838902e+02
   4.8073614e+02   5.0308102e+02
   4.7938682e+02   4.8961710e+02
   4.7876265e+02   4.5559623e+02
   4.7874881e+02   4.2664041e+02
   4.7839075e+02   5.1383864e+02
   4.7839075e+02   4.9498828e+02
   4.7817767e+02   4.5683876e+02
   4.7814011e+02   4.8099857e+02
   4.7814011e+02   5.3193783e+02
   4.7742458e+02   4.8290057e+02
   4.7673046e+02   4.1609684e+02
   4.7610746e+02   4.9694825e+02
   4.7490680e+02   4.9363988e+02
   4.7401443e+02   4.3659380e+02
   4.7276322e+02   4.6203732e+02
   4.7156997e+02   4.6793848e+02
   4.7058694e+02   4.7632214e+02
   4.6914307e+02   4.1466875e+02
   4.6828716e+02   4.5616352e+02
   4.6791365e+02   5.2383671e+02
   4.6791365e+02   4.6170095e+02
   4.6791365e+02   4.4205170e+02
   4.6979148e+02   4.5867607e+02
   4.7183640e+02   4.7722552e+02
   4.7474908e+02   4.6752023e+02
   4.7955556e+02   4.5360792e+02
   4.8207029e+02   5.3658390e+02
   4.8571894e+02   5.0144550e+02
   4.8875208e+02   4.8462634e+02
   4.8973585e+02   5.0848053e+02
   4.9036832e+02   5.0688632e+02
   4.9036832e+02   5.1258363e+02
   4.9036832e+02   4.6768937e+02
   4.9024281e+02   4.8459061e+02
   4.8952982e+02   5.2672024e+02
   4.8838853e+02   4.3896962e+02
   4.8823102e+02   4.7627719e+02
   4.8787305e+02   5.1759440e+02
   4.8734950e+02   5.1711006e+02
   4.8683808e+02   4.5543772e+02
   4.8618236e+02   5.0267989e+02
   4.8578995e+02   5.0918826e+02
   4.8518722e+02   4.5004990e+02
   4.8430870e+02   4.3234587e+02
   4.8334227e+02   5.2390084e+02
   4.8192673e+02   5.3395926e+02
   4.8050492e+02   4.7617599e+02
   4.7933917e+02   4.4423655e+02
   4.7786776e+02   4.9157490e+02
   4.7713800e+02   4.7884432e+02
   4.7713800e+02   4.3845271e+02
   4.7713800e+02   4.8298764e+02
   4.7780358e+02   5.0501518e+02
   4.7874654e+02   4.9584720e+02
   4.8054519e+02   4.3884273e+02
   4.8217066e+02   5.0742046e+02
   4.8330740e+02   4.8705708e+02
   4.8425348e+02   4.6425518e+02
   4.8501943e+02   4.7577886e+02
   4.8522282e+02   5.0890766e+02
   4.8544728e+02   4.6247355e+02
   4.8545636e+02   4.6431068e+02
   4.8560210e+02   4.8304392e+02
   4.8611290e+02   5.1537731e+02
   4.8638542e+02   4.4791013e+02
   4.8658431e+02   4.8318523e+02
   4.8754232e+02   5.0161550e+02
   4.8782103e+02   4.7948492e+02
   4.8782103e+02   4.8216632e+02
   4.8782103e+02   4.8603891e+02
   4.8782103e+02   5.1839885e+02
   4.8776598e+02   5.0258768e+02
   4.8764448e+02   4.2676873e+02
   4.8721024e+02   4.8103567e+02
   4.8710966e+02   5.3359478e+02
   4.8646543e+02   4.4953352e+02
   4.8563637e+02   4.8181889e+02
   4.8453779e+02   4.9359637e+02
   4.8373349e+02   4.8705728e+02
   4.8248228e+02   4.7873040e+02
   4.8094821e+02   4.6947620e+02
   4.8003079e+02   5.4136175e+02
   4.8003079e+02   5.0385446e+02
   4.8003079e+02   4.3414914e+02
   4.8010441e+02   5.2002660e+02
   4.8031606e+02   5.2862212e+02
   4.8129826e+02   4.6649163e+02
   4.8282064e+02   4.7157658e+02
   4.8360163e+02   4.9953454e+02
   4.8432572e+02   4.7183901e+02
   4.8453763e+02   4.7716091e+02
   4.8522596e+02   5.0316293e+02
   4.8522596e+02   5.0534294e+02
   4.8522596e+02   4.7444666e+02
   4.8503625e+02   4.2698605e+02
   4.8443096e+02   4.9983292e+02
   4.8391787e+02   4.9533717e+02
   4.8350021e+02   4.4159262e+02
   4.8233120e+02   4.9189410e+02
   4.8204926e+02   5.0098369e+02
   4.8102647e+02   5.0152460e+02
   4.8003194e+02   4.5282214e+02
   4.7968236e+02   4.7528923e+02
   4.7963416e+02   4.9381027e+02
   4.7880386e+02   4.5868866e+02
   4.7824450e+02   4.7846606e+02
   4.7807613e+02   5.1326505e+02
   4.7777310e+02   5.1291883e+02
   4.7726880e+02   4.2485295e+02
   4.7688659e+02   4.5804226e+02
   4.7616434e+02   4.8168301e+02
   4.7614198e+02   4.6077210e+02
   4.7614198e+02   4.6239970e+02
   4.7614198e+02   5.1118962e+02
   4.7616434e+02   4.9706258e+02
   4.7625250e+02   4.3100955e+02
   4.7625250e+02   4.5815860e+02
   4.7625250e+02   4.8728740e+02
   4.7625250e+02   4.8992241e+02
   4.7618689e+02   4.6157658e+02
   4.7558184e+02   4.4150834e+02
   4.7545723e+02   5.3987097e+02
   4.7545723e+02   4.6573836e+02
   4.7537517e+02   4.3973965e+02
   4.7533632e+02   5.0121808e+02
   4.7523664e+02   4.9224512e+02
   4.7523366e+02   4.4430973e+02
   4.7497029e+02   4.7191486e+02
   4.7497029e+02   5.1832737e+02
   4.7441915e+02   5.0000326e+02
   4.7403213e+02   4.4391648e+02
   4.7397158e+02   4.8122400e+02
   4.7368231e+02   4.9022423e+02
   4.7353909e+02   4.8673812e+02
   4.7315995e+02   4.1785387e+02
   4.7282508e+02   4.8112110e+02
   4.7270568e+02   5.2133339e+02
   4.7226280e+02   4.6058851e+02
   4.7137800e+02   4.3603567e+02
   4.6987349e+02   5.2862353e+02
   4.6909902e+02   4.9505998e+02
   4.6847256e+02   4.1506551e+02
   4.6724645e+02   4.7061070e+02
   4.6606942e+02   4.8692930e+02
   4.6497598e+02   4.5991770e+02
   4.6382268e+02   4.1947275e+02
   4.6329842e+02   4.9899896e+02
   4.6220895e+02   4.9645709e+02
   4.6121272e+02   4.0552706e+02
   4.6029419e+02   4.5395598e+02
   4.5923634e+02   4.7712731e+02
   4.5839824e+02   4.3371319e+02
   4.5772523e+02   4.0463372e+02
   4.5696868e+02   4.9749709e+02
   4.5642618e+02   4.5781277e+02
   4.5640590e+02   4.2483614e+02
   4.5633216e+02   4.4357761e+02
   4.5629565e+02   4.6992947e+02
   4.5581013e+02   4.6050865e+02
   4.5500453e+02   4.0935731e+02
   4.5384281e+02   4.5302388e+02
   4.5320680e+02   4.8377458e+02
   4.5228413e+02   4.4853229e+02
   4.5175750e+02   4.4363941e+02
   4.5079168e+02   4.3896093e+02
   4.5034273e+02   4.7438528e+02
   4.5009661e+02   4.0198309e+02
   4.4973536e+02   4.1275533e+02
   4.4897784e+02   4.6003935e+02
   4.4795843e+02   4.5653749e+02
   4.4691090e+02   4.0310042e+02
   4.4631810e+02   4.6224575e+02
   4.4574684e+02   4.9823436e+02
   4.4524175e+02   4.4260476e+02
   4.4522596e+02   3.9937432e+02
   4.4433024e+02   4.3499468e+02
   4.4382541e+02   4.8954451e+02
   4.4334341e+02   4.2551442e+02
   4.4280609e+02   3.9814814e+02
   4.4272144e+02   4.6608789e+02
   4.4208546e+02   4.6351587e+02
   4.4130454e+02   4.0726369e+02
   4.4116036e+02   4.1780171e+02
   4.4108638e+02   4.6357142e+02
   4.4046856e+02   4.2209905e+02
   4.4015754e+02   4.1511401e+02
   4.3922258e+02   4.6445250e+02
   4.3857236e+02   4.6917915e+02
   4.3801010e+02   4.1052242e+02
   4.3758229e+02   4.3953970e+02
   4.3736945e+02   5.0018375e+02
   4.3712842e+02   4.6209017e+02
   4.3628852e+02   3.9472161e+02
   4.3530990e+02   4.3351630e+02
   4.3478012e+02   4.5249089e+02
   4.3440515e+02   4.3055079e+02
   4.3367044e+02   4.0219230e+02
   4.3312694e+02   4.8256199e+02
   4.3231329e+02   4.6930907e+02
   4.3136655e+02   3.8207437e+02
   4.3097266e+02   4.1287057e+02
   4.3075387e+02   4.4507006e+02
   4.3006387e+02   4.5354810e+02
   4.2931455e+02   4.1590823e+02
   4.2879783e+02   4.5068344e+02
   4.2870572e+02   4.5169742e+02
   4.2850716e+02   3.8417692e+02
   4.2754116e+02   3.8132702e+02
   4.2623240e+02   4.8554295e+02
   4.2596818e+02   4.2391333e+02
   4.2558483e+02   4.1047313e+02
   4.2450363e+02   4.4613002e+02
   4.2361054e+02   4.6018948e+02
   4.2358919e+02   4.2193640e+02
   4.2343323e+02   4.1996832e+02
   4.2340688e+02   4.3548364e+02
   4.2340688e+02   4.6706966e+02
   4.2311592e+02   4.0551062e+02
   4.2286520e+02   3.9148434e+02
   4.2239323e+02   4.2628673e+02
   4.2202741e+02   4.0452476e+02
   4.2140465e+02   3.8811694e+02
   4.2106126e+02   4.2328691e+02
   4.2008860e+02   4.3754172e+02
   4.1956841e+02   4.2094692e+02
   4.1945366e+02   3.9448143e+02
   4.1910227e+02   4.7332946e+02
   4.1870726e+02   4.3853118e+02
   4.1855952e+02   3.8095126e+02
   4.1750106e+02   4.2436940e+02
   4.1685167e+02   4.8028687e+02
   4.1547521e+02   4.0259186e+02
   4.1385194e+02   3.7614878e+02
   4.1265512e+02   4.4630080e+02
   4.1142842e+02   4.6034791e+02
   4.1001450e+02   3.5993057e+02
   4.0927088e+02   3.5675856e+02
   4.0767715e+02   4.3867302e+02
   4.0669548e+02   4.2415788e+02
   4.0558270e+02   3.5629585e+02
   4.0411077e+02   3.9112361e+02
   4.0323386e+02   4.4788468e+02
   4.0095764e+02   3.7295038e+02
   3.9822449e+02   3.6437719e+02
   3.9822449e+02   3.8942556e+02
   3.9821879e+02   3.9676796e+02
   3.9810512e+02   3.5660049e+02
   3.9807067e+02   3.8599680e+02
   3.9760432e+02   4.3295309e+02
   3.9654404e+02   4.1099466e+02
   3.9602618e+02   3.3335358e+02
   3.9598381e+02   4.0354900e+02
   3.9546792e+02   4.3868944e+02
   3.9426110e+02   3.8617750e+02
   3.9426110e+02   3.8384094e+02
   3.9426110e+02   4.3275810e+02
   3.9485479e+02   4.4222191e+02
   3.9507591e+02   3.7943481e+02
   3.9507591e+02   3.5922905e+02
   3.9507591e+02   4.5313882e+02
   3.9485479e+02   4.1653054e+02
   3.9449807e+02   3.4959849e+02
   3.9299425e+02   4.2193643e+02
   3.9164894e+02   4.4546368e+02
   3.9087410e+02   3.5707416e+02
   3.9055635e+02   3.7822100e+02
   3.9055635e+02   4.1752575e+02
   3.8984105e+02   4.0374580e+02
   3.8984105e+02   3.3515200e+02
   3.8918937e+02   3.5948758e+02
   3.8918937e+02   3.9656738e+02
   3.8918937e+02   3.8655629e+02
   3.8728783e+02   3.7883170e+02
   3.8635954e+02   3.9909639e+02
   3.8626136e+02   3.8902100e+02
   3.8607304e+02   3.7305233e+02
   3.8607304e+02   3.7046137e+02
   3.8607304e+02   4.2016593e+02
   3.8627287e+02   4.0256544e+02
   3.8752952e+02   3.2832697e+02
   3.8806114e+02   3.6125448e+02
   3.8855529e+02   4.4624143e+02
   3.8855529e+02   3.8276516e+02
   3.8855529e+02   3.6146252e+02
   3.8789274e+02   4.0409117e+02
   3.8620982e+02   4.0397962e+02
   3.8350872e+02   3.6719915e+02
   3.7578597e+02   3.2724062e+02
   3.7571671e+02   3.8052048e+02
   3.7571671e+02   4.1019854e+02
   3.7571671e+02   3.3435816e+02
   3.7540197e+02   3.5330200e+02
   3.7539085e+02   4.2756560e+02
   3.7455833e+02   3.8231403e+02
   3.7440637e+02   3.2756962e+02
   3.7342755e+02   3.9245638e+02
   3.7264115e+02   3.7503896e+02
   3.7138626e+02   3.1381645e+02
   3.7138626e+02   3.5003109e+02
   3.7138626e+02   3.8744391e+02
   3.7171167e+02   3.9442422e+02
   3.7171167e+02   3.0720276e+02
   3.7171167e+02   3.9794085e+02
   3.7171167e+02   4.2428831e+02
   3.7166649e+02   3.6803391e+02
   3.7129492e+02   3.5888702e+02
   3.7121315e+02   4.1197573e+02
   3.7044266e+02   4.1025284e+02
   3.7044266e+02   3.4549707e+02
   3.7044266e+02   3.3463372e+02
   3.7096123e+02   4.0633923e+02
   3.7132216e+02   3.7315355e+02
   3.7331127e+02   3.4118462e+02
   3.7369220e+02   3.7703719e+02
   3.7484476e+02   4.2364967e+02
   3.7484476e+02   3.4510994e+02
   3.7484476e+02   3.5110640e+02
   3.7484476e+02   3.9161111e+02
   3.7472460e+02   4.2056139e+02
   3.7431272e+02   3.4371117e+02
   3.7297184e+02   3.6769440e+02
   3.7189296e+02   3.8095020e+02
   3.7098860e+02   3.6173385e+02
   3.7046340e+02   3.1755912e+02
   3.7046340e+02   3.5903033e+02
   3.7046340e+02   3.7996231e+02
   3.7223734e+02   3.4125445e+02
   3.7246578e+02   3.3121539e+02
   3.7246578e+02   4.1400304e+02
   3.7246578e+02   3.6411773e+02
   3.7246578e+02   3.6015916e+02
   3.7040213e+02   3.8647606e+02
   3.6792409e+02   4.0055058e+02
   3.6649518e+02   3.5090553e+02
   3.6624201e+02   3.5984369e+02
   3.6595567e+02   3.7476236e+02
   3.6565601e+02   3.8859509e+02
   3.6495186e+02   3.5727319e+02
   3.6430910e+02   3.2935299e+02
   3.6418125e+02   3.9022280e+02
   3.6318179e+02   3.4277879e+02
   3.6182278e+02   3.4922964e+02
   3.6158527e+02   3.4271832e+02
   3.6158527e+02   3.9613472e+02
   3.6158527e+02   3.4701440e+02
   3.6182278e+02   3.3575542e+02
   3.6280201e+02   3.8749745e+02
   3.6525763e+02   3.8895867e+02
   3.6746824e+02   3.1784737e+02
   3.6786193e+02   3.5177903e+02
   3.6795971e+02   3.8492875e+02
   3.6973990e+02   3.5050820e+02
   3.6973990e+02   3.4507637e+02
   3.6973990e+02   3.8680759e+02
   3.6902114e+02   3.7227100e+02
   3.6772935e+02   3.7617950e+02
   3.6772935e+02   3.2754257e+02
   3.6750003e+02   3.8169304e+02
   3.6750003e+02   4.0069632e+02
   3.6744213e+02   3.0631652e+02
   3.6656847e+02   3.3636865e+02
   3.6656847e+02   4.1893411e+02
   3.6656847e+02   3.3486333e+02
   3.6593889e+02   3.1872710e+02
   3.6538125e+02   3.6712104e+02
   3.6522151e+02   3.7585106e+02
   3.6522151e+02   3.2990735e+02
   3.6522151e+02   3.1606670e+02
   3.6522151e+02   3.7918874e+02
   3.6545224e+02   4.0420155e+02
   3.6569525e+02   3.0796132e+02
   3.6748797e+02   3.5184052e+02
   3.6756167e+02   3.8549260e+02
   3.6756167e+02   3.6585658e+02
   3.6756167e+02   3.6293820e+02
   3.6756167e+02   4.1083605e+02
   3.6751773e+02   3.6981588e+02
   3.6644848e+02   3.1230077e+02
   3.6524915e+02   3.2175757e+02
