   1.0966233e+01   1.0376638e+01
   1.0966233e+01   1.3444901e+01
   1.0855122e+01   1.6100997e+01
   1.0966233e+01   8.7015775e+00
   1.1077344e+01   9.2781543e+00
   1.1188455e+01   1.5434651e+01
   1.1299566e+01   1.0755130e+01
   1.1410677e+01   1.4733933e+01
   1.1410677e+01   8.5596903e+00
   1.1299566e+01   1.1090773e+01
   1.1299566e+01   1.5708124e+01
   1.1410677e+01   1.3065107e+01
   1.1410677e+01   1.1404611e+01
   1.1410677e+01   1.1014845e+01
   1.1410677e+01   1.1701373e+01
   1.1299566e+01   1.0043968e+01
   1.1188455e+01   1.0048165e+01
   1.1077344e+01   1.3454067e+01
   1.1077344e+01   1.2402484e+01
   1.0966233e+01   9.2387680e+00
   1.0744011e+01   1.1587236e+01
   1.0632899e+01   7.0497491e+00
   1.0521788e+01   1.1943029e+01
   1.0410677e+01   1.0448872e+01
   1.0410677e+01   1.0274650e+01
   1.0521788e+01   9.6453050e+00
   1.0632899e+01   1.3975510e+01
   1.0632899e+01   1.2260309e+01
   1.0632899e+01   9.8764804e+00
   1.0744011e+01   1.3214296e+01
   1.0855122e+01   1.0831525e+01
   1.0966233e+01   1.3088557e+01
   1.0966233e+01   1.3989209e+01
   1.1077344e+01   1.5479778e+01
   1.0966233e+01   1.6095459e+01
   1.0744011e+01   9.2187181e+00
   1.0855122e+01   1.2115694e+01
   1.1077344e+01   4.8797566e+00
   1.1188455e+01   1.1288326e+01
   1.1188455e+01   1.6359485e+01
   1.1299566e+01   9.2331592e+00
   1.1632899e+01   1.0492642e+01
   1.1632899e+01   1.0182408e+01
   1.1744011e+01   8.8938870e+00
   1.1966233e+01   1.2029959e+01
   1.1966233e+01   1.3454673e+01
   1.1855122e+01   1.0838640e+01
   1.1855122e+01   1.1427379e+01
   1.1855122e+01   1.1717275e+01
   1.1744011e+01   1.4528632e+01
   1.1632899e+01   9.3231411e+00
   1.1744011e+01   7.5952285e+00
   1.1744011e+01   1.0339961e+01
   1.1744011e+01   7.4092579e+00
   1.1744011e+01   1.3428889e+01
   1.1744011e+01   1.1023449e+01
   1.1744011e+01   1.3113953e+01
   1.1744011e+01   1.2686679e+01
   1.1744011e+01   9.9634317e+00
   1.1632899e+01   1.3120996e+01
   1.1521788e+01   7.6865731e+00
   1.1521788e+01   1.2548623e+01
   1.1521788e+01   2.4256774e+00
   1.1521788e+01   9.4089604e+00
   1.1521788e+01   1.2654836e+01
   1.1410677e+01   1.5579361e+01
   1.1188455e+01   1.0118617e+01
   1.0966233e+01   9.9491631e+00
   1.0855122e+01   1.0668103e+01
   1.0632899e+01   3.4328212e+00
   1.0410677e+01   1.0580423e+01
   1.0077344e+01   7.7616982e+00
   9.7440106e+00   9.0725820e+00
   9.2995661e+00   1.3271735e+01
   8.9662328e+00   9.4304024e+00
   8.7440106e+00   1.0576057e+01
   8.4106772e+00   1.1989853e+01
   7.9662328e+00   7.2779484e+00
   7.7440106e+00  -3.2679261e-01
   7.4106772e+00   1.1129508e+01
   7.1884550e+00   5.0207766e+00
   6.9662328e+00   1.1001285e+01
   6.8551217e+00   5.4693773e+00
   6.6328995e+00   6.8582806e+00
   6.4106772e+00   6.6203694e+00
   6.2995661e+00   8.9417058e+00
   6.1884550e+00   6.3688422e+00
   5.9662328e+00   2.7676421e+00
   5.8551217e+00   2.2409508e+00
   5.7440106e+00   1.0125343e+01
   5.6328995e+00   4.3854262e+00
   5.5217883e+00   2.8658503e+00
   5.5217883e+00   4.6429039e+00
   5.6328995e+00   2.5628939e+00
   5.6328995e+00   6.6567392e+00
   5.7440106e+00   7.5008238e+00
   5.9662328e+00   7.4220534e+00
   6.0773439e+00   5.6731669e+00
   6.1884550e+00   8.0660219e+00
   6.2995661e+00   8.2269958e+00
   6.4106772e+00   3.8677853e+00
   6.5217883e+00   1.0887522e+01
   6.6328995e+00   5.5308399e+00
   6.7440106e+00   7.9002866e+00
   6.7440106e+00   7.9753423e+00
   6.7440106e+00   2.3092090e+00
   6.8551217e+00   1.7539815e+00
   6.8551217e+00   9.5038491e+00
   6.9662328e+00   7.7368004e+00
   7.0773439e+00   5.0924746e+00
   7.1884550e+00   6.6458205e+00
   7.1884550e+00   6.1122459e+00
   7.2995661e+00   5.3784746e+00
   7.4106772e+00   5.3721632e+00
   7.4106772e+00   1.2394875e+01
   7.4106772e+00   5.5890580e+00
   7.5217883e+00   9.0699243e+00
   7.5217883e+00   9.7680416e+00
   7.6328995e+00   8.8116571e+00
   7.5217883e+00  -2.9860386e-02
   7.5217883e+00   5.4803983e+00
   7.5217883e+00   4.6894900e+00
   7.6328995e+00   1.0965845e+01
   7.7440106e+00   8.0018790e+00
   7.9662328e+00   1.0194202e+01
   8.0773439e+00   6.7622519e+00
   8.2995661e+00   7.8226850e+00
   8.5217883e+00   1.1449175e+01
   8.8551217e+00   8.3674561e+00
   9.0773439e+00   1.1027602e+01
   9.1884550e+00   1.0503700e+01
   9.1884550e+00   3.4756400e+00
   9.1884550e+00   1.4274248e+01
   9.0773439e+00   8.3023863e+00
   8.9662328e+00   8.0962333e+00
   8.8551217e+00   1.1405828e+01
   8.5217883e+00   9.9388657e+00
   8.2995661e+00   8.0807492e+00
   8.0773439e+00   1.0631048e+01
   7.9662328e+00   1.0054078e+01
   7.8551217e+00   9.7373877e+00
   7.6328995e+00   6.5625434e+00
   7.4106772e+00   8.6041754e+00
   7.2995661e+00   1.2191521e+01
   7.0773439e+00   7.4878896e+00
   6.9662328e+00   1.2620912e+01
   6.8551217e+00   9.1288860e+00
   6.6328995e+00   4.1752010e+00
   6.4106772e+00   5.8797978e+00
   6.1884550e+00   5.7303557e+00
   5.9662328e+00   4.6841386e+00
   5.7440106e+00   1.0689257e+01
   5.5217883e+00   3.2176391e+00
   5.2995661e+00  -3.5991390e+00
   5.0773439e+00   4.0664308e+00
   4.7440106e+00   3.6527114e+00
   4.5217883e+00   1.7621699e+00
   4.1884550e+00   4.4155607e+00
   3.8551217e+00   7.8400305e+00
   3.6328995e+00   4.7037685e+00
   3.2995661e+00   5.7601035e+00
   2.9662328e+00   3.9024243e+00
   2.6328995e+00   4.4407275e-01
   2.1884550e+00   3.7529310e+00
   1.9662328e+00  -5.0118906e-01
   1.7440106e+00   4.2350078e+00
   1.6328995e+00  -3.8976096e-01
   1.6328995e+00   8.1524481e+00
   1.5217883e+00   4.2114760e+00
   1.6328995e+00  -1.0646222e+00
   1.7440106e+00   1.6823879e+00
   1.8551217e+00   1.2855328e-01
   1.9662328e+00  -7.1661286e-02
   2.0773439e+00   7.9556366e+00
   2.1884550e+00   7.7414868e+00
   2.2995661e+00   3.6632706e+00
   2.2995661e+00   4.1654320e+00
   2.4106772e+00   7.4647225e+00
   2.4106772e+00   1.7600292e+00
   2.4106772e+00   4.5445216e+00
   2.2995661e+00  -3.6877171e-01
   2.4106772e+00   1.0627716e+00
   2.2995661e+00   8.5050767e+00
   2.1884550e+00   1.1433348e+00
   2.1884550e+00  -2.9549268e+00
   2.1884550e+00   1.5755362e+00
   2.1884550e+00  -1.9944369e+00
   2.2995661e+00  -6.6387753e+00
   2.4106772e+00  -1.6438105e+00
   2.6328995e+00  -2.5744573e+00
   2.7440106e+00   5.7385815e+00
   3.0773439e+00   4.7835071e+00
   3.5217883e+00   6.6312324e+00
   3.8551217e+00   3.9217956e+00
   4.1884550e+00   8.6536643e-01
   4.5217883e+00   6.7097568e+00
   4.8551217e+00   9.5470195e+00
   5.1884550e+00   2.2863308e+00
   5.4106772e+00   1.0260658e+01
   5.7440106e+00   1.6481585e+00
   5.8551217e+00   6.3754345e+00
   5.8551217e+00   5.5021452e+00
   5.7440106e+00   6.2736333e+00
   5.6328995e+00   7.3811183e+00
   5.6328995e+00   7.2730878e+00
   5.5217883e+00   9.8665143e+00
   5.4106772e+00   2.8797291e+00
   5.5217883e+00   5.1352202e+00
   5.5217883e+00   7.6102382e+00
   5.5217883e+00   4.2260783e+00
   5.5217883e+00   7.7910994e+00
   5.8551217e+00   8.6571557e+00
   6.0773439e+00   3.0473739e+00
   6.1884550e+00   4.9946879e+00
   6.1884550e+00   4.8036303e+00
   6.1884550e+00   7.6546124e+00
   6.1884550e+00   9.4342811e+00
   6.0773439e+00   8.1072949e+00
   6.0773439e+00   6.1155226e+00
   6.1884550e+00   1.1198180e+00
   5.9662328e+00   1.0905058e+01
   5.8551217e+00   7.1215601e+00
   5.7440106e+00   2.2884824e+00
   5.7440106e+00   1.0582255e+01
   5.6328995e+00   6.2004370e+00
   5.5217883e+00   2.6513301e+00
   5.5217883e+00   3.9802361e+00
   5.5217883e+00   3.3728978e+00
   5.4106772e+00   5.0546029e+00
   5.4106772e+00   8.4161218e+00
   5.2995661e+00   3.8746199e+00
   5.1884550e+00   5.4803884e+00
   5.0773439e+00   8.0810023e+00
   5.0773439e+00   2.0639496e+00
   4.8551217e+00  -8.3508774e-01
   4.5217883e+00   6.3991899e+00
   4.4106772e+00   5.2715130e+00
   4.1884550e+00  -9.7616613e-01
   3.9662328e+00   5.1708677e+00
   3.7440106e+00   4.9214333e+00
   3.4106772e+00   5.2641672e+00
   3.0773439e+00   1.9795409e+00
   2.7440106e+00  -2.7830855e-02
   2.4106772e+00   1.6260468e+00
   2.2995661e+00  -3.4010188e+00
   1.8551217e+00   3.7059537e+00
   1.4106772e+00   3.0381439e-01
   1.0773439e+00   6.1274812e-01
   8.5512168e-01  -2.3119647e+00
   7.4401056e-01   1.0722687e+00
   6.3289945e-01   1.0750216e-01
   6.3289945e-01   5.5963939e+00
   7.4401056e-01   2.6844322e+00
   6.3289945e-01  -7.1773490e+00
   7.4401056e-01   2.9008006e+00
   9.6623279e-01   3.1414639e+00
   1.0773439e+00  -3.4486719e+00
   1.1884550e+00   2.2579565e+00
   1.2995661e+00   1.3171663e+00
   1.4106772e+00   9.6476608e-01
   1.4106772e+00   5.9050212e-04
   1.4106772e+00   2.9920792e+00
   1.5217883e+00  -2.5875592e+00
   1.5217883e+00   4.1495652e+00
   1.4106772e+00  -2.9603404e+00
   1.2995661e+00  -2.9812444e+00
   1.1884550e+00   5.0417343e+00
   1.0773439e+00   2.1909485e+00
   9.6623279e-01   4.1310374e+00
   9.6623279e-01  -1.1239370e+00
   1.0773439e+00   2.3998432e-01
   1.1884550e+00  -1.7644122e+00
   1.2995661e+00   4.4575714e+00
   1.5217883e+00   1.5312722e+00
   1.7440106e+00   1.0753573e+00
   1.9662328e+00   2.4485631e+00
   2.1884550e+00   4.3322236e+00
   2.4106772e+00   4.1576660e+00
   2.6328995e+00  -8.2017546e-01
   2.6328995e+00   2.6877654e+00
   2.6328995e+00   1.0844141e+00
   2.7440106e+00   2.5189355e+00
   2.8551217e+00   9.3639156e+00
   2.8551217e+00   6.2077242e+00
   2.8551217e+00   2.4800772e+00
   2.9662328e+00   5.6480250e+00
   2.9662328e+00   4.7014040e+00
   2.9662328e+00   3.0140879e+00
   2.9662328e+00   8.2121254e+00
   2.9662328e+00   1.1132720e+00
   2.7440106e+00   7.5129451e+00
   2.5217883e+00   7.5424372e+00
   2.4106772e+00  -6.3770256e-01
   2.2995661e+00   3.2393752e+00
   2.0773439e+00  -3.1904857e+00
   1.9662328e+00   8.6905194e+00
   1.7440106e+00   3.4205568e+00
   1.6328995e+00   3.0972701e+00
   1.6328995e+00   2.2770403e+00
   1.8551217e+00  -1.6627114e+00
   2.0773439e+00   3.9044260e+00
   2.1884550e+00   5.9973278e+00
   2.2995661e+00  -5.4609974e+00
   2.4106772e+00  -1.0497837e+00
   2.6328995e+00   3.1006559e+00
   2.7440106e+00   1.2199938e+00
   2.8551217e+00   4.9662677e+00
   2.8551217e+00   5.7452848e+00
   2.8551217e+00   4.7681475e+00
   2.8551217e+00   3.5761817e+00
   2.9662328e+00   6.9201980e+00
   3.0773439e+00   4.3080109e+00
   3.2995661e+00  -2.4458466e+00
   3.2995661e+00  -1.0952128e+00
   3.5217883e+00  -4.7570477e+00
   3.6328995e+00  -1.4276635e+00
   3.7440106e+00  -3.7920787e+00
   3.7440106e+00   5.0784851e+00
   3.8551217e+00   5.6661223e+00
   3.9662328e+00   9.2594001e+00
   4.0773439e+00   9.9194386e+00
   3.9662328e+00   5.1388756e+00
   3.9662328e+00  -4.3714682e-01
   3.8551217e+00   4.2829786e+00
   3.9662328e+00   5.7689582e+00
   3.9662328e+00   2.3515100e+00
   3.9662328e+00   1.8091214e+00
   3.7440106e+00   8.3512775e-01
   3.5217883e+00   1.1661064e+00
   3.2995661e+00   1.2656516e+00
   3.1884550e+00   2.8645687e-01
   3.0773439e+00   9.2876573e-01
   2.9662328e+00   3.9358124e+00
   2.7440106e+00   8.1519418e+00
   2.6328995e+00   3.0882666e+00
   2.5217883e+00   7.7343376e+00
   2.5217883e+00  -8.1372435e-01
   2.6328995e+00  -7.4304990e-01
   2.7440106e+00  -1.4189878e+00
   2.8551217e+00   2.0845457e+00
   2.9662328e+00   6.3114191e-02
   3.0773439e+00   7.1573023e+00
   3.0773439e+00   1.0417229e+01
   3.0773439e+00   4.4496987e+00
   3.1884550e+00  -7.5754806e-02
   3.2995661e+00   5.5634597e+00
   3.1884550e+00   3.6973228e+00
   3.0773439e+00   3.3530963e+00
   2.9662328e+00   1.9341392e+00
   2.8551217e+00   9.8803387e+00
   2.8551217e+00   7.8733095e-01
   2.8551217e+00   1.1497531e+00
   2.8551217e+00   1.7649864e+00
   2.7440106e+00   2.9554672e-01
   2.7440106e+00   1.3689721e+00
   2.8551217e+00   9.1385107e+00
   2.9662328e+00   4.7040692e+00
   3.0773439e+00   1.6738874e-01
   3.1884550e+00   8.5698819e+00
   3.1884550e+00  -5.8845964e+00
   3.4106772e+00  -1.2806768e+00
   3.6328995e+00   9.9975237e+00
   3.8551217e+00   2.7473643e+00
   3.9662328e+00   6.2173503e+00
   4.0773439e+00   6.5866478e+00
   4.2995661e+00   6.5687398e+00
   4.4106772e+00   7.4367988e+00
   4.5217883e+00   1.0228952e+01
   4.6328995e+00   1.0320989e+00
   4.6328995e+00   1.3599273e+01
   4.7440106e+00   1.0839158e+01
   4.8551217e+00   7.3850409e+00
   4.9662328e+00  -6.4864253e-01
   5.0773439e+00   8.5824538e+00
   5.1884550e+00   5.8753484e-01
   5.5217883e+00   6.8344220e+00
   5.8551217e+00   7.3073320e+00
   6.1884550e+00   4.4390835e+00
   6.5217883e+00   1.6198684e+00
   6.7440106e+00   8.5577173e+00
   6.9662328e+00   4.7608877e+00
   7.1884550e+00   3.5334992e+00
   7.5217883e+00   4.8597200e+00
   7.7440106e+00   9.3787111e+00
   7.9662328e+00   1.0552327e+01
   8.0773439e+00   8.2938151e+00
   8.2995661e+00   1.2963102e+01
   8.4106772e+00   1.4412806e+01
   8.5217883e+00   1.3592666e+01
   8.6328995e+00   5.3510213e-01
   8.7440106e+00   6.4944505e+00
   8.7440106e+00   6.0461474e+00
   8.6328995e+00   1.5052652e+01
   8.4106772e+00   8.8394651e+00
   8.4106772e+00   9.8035657e+00
   8.0773439e+00   9.2361273e+00
   7.8551217e+00   2.5008917e+00
   7.7440106e+00   6.7411475e+00
   7.5217883e+00   1.3639737e+01
   7.5217883e+00   1.2255407e+01
   7.2995661e+00   2.7016687e+00
   7.2995661e+00   6.1938025e+00
   7.2995661e+00   6.1552039e+00
   7.1884550e+00   8.4310044e+00
   7.1884550e+00   7.9753997e+00
   7.0773439e+00   1.0737378e+01
   6.8551217e+00  -2.0611455e+00
   6.7440106e+00   4.4530763e+00
   6.4106772e+00   5.5808180e+00
   6.2995661e+00   6.3710062e+00
   6.0773439e+00   4.3415855e+00
   5.8551217e+00   9.2769652e+00
   5.6328995e+00   5.6965791e+00
   5.5217883e+00  -2.7184236e-01
   5.5217883e+00   2.3031847e+00
   5.5217883e+00  -2.1332264e-01
   5.5217883e+00   7.1694619e+00
   5.5217883e+00   5.4355224e+00
   5.5217883e+00  -1.2073945e+00
   5.5217883e+00   1.7593946e+00
   5.4106772e+00   9.1857882e+00
   5.2995661e+00  -6.1499507e-02
   5.1884550e+00   8.2120117e+00
   4.9662328e+00  -7.7768581e-01
   4.8551217e+00   3.0181144e+00
   4.6328995e+00   8.4564445e-01
   4.4106772e+00   1.1553785e+01
   4.1884550e+00   3.0395031e+00
   3.9662328e+00   4.8581878e+00
   3.8551217e+00   1.8148660e+00
   3.7440106e+00  -1.6988595e+00
   3.6328995e+00  -1.0551859e+00
   3.7440106e+00   2.9201948e+00
   3.6328995e+00   4.7632774e+00
   3.6328995e+00   4.3070140e+00
   3.7440106e+00   5.1131302e+00
   3.8551217e+00   3.6697384e+00
   4.0773439e+00   1.7214348e+00
   4.2995661e+00   3.8667663e+00
   4.5217883e+00   9.6183338e+00
   4.7440106e+00   1.1129002e+00
   4.8551217e+00   2.0579144e+00
   5.0773439e+00   5.2628659e+00
   5.2995661e+00   9.1898926e+00
   5.4106772e+00   2.6244502e+00
   5.4106772e+00   1.0961749e+01
   5.2995661e+00   1.0328961e+01
   5.2995661e+00   5.7736013e+00
   5.1884550e+00   1.1484460e+01
   5.0773439e+00   6.5031554e+00
   4.9662328e+00   5.1115179e+00
   4.8551217e+00   2.5411336e+00
   4.8551217e+00   3.8903398e+00
   4.7440106e+00   2.0321956e+00
   4.7440106e+00   6.5098082e+00
   4.7440106e+00   3.3115984e+00
   4.6328995e+00  -8.8293087e-01
   4.6328995e+00   5.4323261e+00
   4.6328995e+00   3.6787611e+00
   4.6328995e+00  -7.5578208e-01
   4.7440106e+00  -8.1986837e-01
   4.7440106e+00   9.0026383e+00
   4.8551217e+00   2.2919117e+00
   4.9662328e+00   9.0958081e+00
   5.0773439e+00   3.4232936e+00
   5.0773439e+00   5.3872410e+00
   5.1884550e+00  -1.4746475e+00
   5.1884550e+00   1.0173531e+01
   5.1884550e+00   6.2125651e+00
   5.0773439e+00   6.9961431e+00
   4.9662328e+00   8.6888412e+00
   4.9662328e+00   8.3874042e+00
   4.7440106e+00  -3.7463025e-01
   4.5217883e+00   6.5934828e+00
   4.5217883e+00   7.5308801e+00
   4.4106772e+00   4.9613834e+00
   4.2995661e+00   8.3175989e+00
   4.1884550e+00   5.7699475e+00
   4.0773439e+00  -5.2304671e-02
   3.9662328e+00   1.3016389e+00
   3.7440106e+00   8.3695915e+00
   3.6328995e+00  -8.1382387e-01
   3.6328995e+00   6.5803890e+00
   3.4106772e+00   3.8363342e+00
   3.2995661e+00   3.6157702e+00
   3.1884550e+00   5.8686042e+00
   3.0773439e+00   2.4089479e+00
   2.9662328e+00  -3.8761483e+00
   2.9662328e+00   8.3664701e-01
   3.0773439e+00   4.1117296e+00
   3.1884550e+00   1.3897483e+00
   3.1884550e+00  -9.2708068e-01
   3.2995661e+00   2.6638953e+00
   3.2995661e+00  -1.7082139e+00
   3.4106772e+00   3.7238779e-01
   3.5217883e+00  -1.1182596e+00
   3.6328995e+00   6.6970461e+00
   3.6328995e+00  -1.2286684e+00
   3.6328995e+00   8.0432389e+00
   3.6328995e+00   5.6051515e+00
   3.6328995e+00   5.1824199e+00
   3.7440106e+00   5.1847744e+00
   3.7440106e+00   4.9176866e+00
   3.7440106e+00  -4.4475018e+00
   3.8551217e+00   6.6160975e+00
   3.8551217e+00   5.0059602e+00
   3.8551217e+00   4.2098963e+00
   3.7440106e+00   1.7875493e+00
   3.7440106e+00   2.4125500e-01
   3.7440106e+00   1.4801808e+00
   3.7440106e+00   6.9284535e-01
   3.7440106e+00   5.2432102e+00
   3.7440106e+00   6.4872492e-01
   3.6328995e+00  -4.6410821e-01
   3.6328995e+00   6.2561608e+00
   3.6328995e+00   2.8793962e+00
   3.6328995e+00   8.7957522e+00
   3.6328995e+00   1.3750177e+00
   3.7440106e+00   3.2635054e+00
   3.7440106e+00  -6.5013705e-02
   3.9662328e+00   3.7604073e+00
   4.1884550e+00   6.3226000e+00
   4.4106772e+00   2.6242173e+00
   4.6328995e+00   5.4569141e+00
   4.8551217e+00   6.0387898e+00
   5.0773439e+00   6.5446952e+00
   5.2995661e+00   8.1702036e+00
   5.4106772e+00   8.6563032e+00
   5.5217883e+00   5.9153724e+00
   5.5217883e+00   1.0345397e+01
   5.4106772e+00   6.8484768e+00
   5.2995661e+00   7.4465791e-01
   5.2995661e+00   5.9581791e+00
   5.1884550e+00   5.2952773e+00
   5.0773439e+00  -9.3003533e-01
   4.9662328e+00   6.3505780e+00
   4.8551217e+00   6.0897111e+00
   4.7440106e+00   5.2451614e+00
   4.6328995e+00   3.3569750e+00
   4.6328995e+00   6.1379835e+00
   4.6328995e+00   3.9005971e+00
   4.5217883e+00   5.7267898e+00
   4.5217883e+00   7.2798038e+00
   4.4106772e+00   1.0448726e+01
   4.2995661e+00   9.0865134e-01
   4.1884550e+00   4.5819062e+00
   4.0773439e+00   5.1990062e+00
   4.0773439e+00   5.4133435e+00
   3.9662328e+00   6.8884733e+00
   3.8551217e+00   6.3171685e+00
   3.8551217e+00   2.5674230e+00
   3.7440106e+00   1.8492220e+00
   3.7440106e+00   4.2359679e+00
   3.7440106e+00   5.6808518e+00
   3.7440106e+00   2.0813001e+00
   3.7440106e+00   2.5087370e+00
   3.5217883e+00  -1.0920318e+00
   3.4106772e+00   5.8126087e+00
   3.4106772e+00   5.6884034e+00
   3.2995661e+00   7.0079311e+00
   3.2995661e+00   1.8959371e+00
   3.2995661e+00   1.1722928e-01
   3.2995661e+00  -1.9555008e-01
   3.2995661e+00   1.3592646e+00
   3.2995661e+00   2.4028671e+00
   3.4106772e+00   1.7208339e+00
   3.5217883e+00   2.4946614e+00
   3.4106772e+00   3.1383326e+00
   3.2995661e+00   6.6175991e-01
   3.2995661e+00   6.9493880e+00
   3.1884550e+00   3.1573570e+00
   3.1884550e+00  -5.9586714e-01
   3.0773439e+00  -1.1725593e+00
   2.9662328e+00   1.3104523e+00
   2.9662328e+00   5.4538959e+00
   2.8551217e+00   1.0412012e+00
   2.8551217e+00   3.1628677e+00
   2.9662328e+00   3.0391092e+00
   2.8551217e+00  -1.6117777e+00
   2.9662328e+00   6.5589446e+00
   2.9662328e+00   3.3537160e+00
   2.9662328e+00  -5.6749928e-01
   2.9662328e+00  -5.4725033e-01
   2.8551217e+00   4.0626489e+00
   2.7440106e+00  -4.0826428e+00
   2.7440106e+00   1.6479171e+00
   2.6328995e+00   2.9880106e+00
   2.5217883e+00   2.0291945e+00
   2.4106772e+00   4.5612247e+00
   2.1884550e+00   5.1566959e+00
   2.0773439e+00   5.1707773e-01
   1.9662328e+00  -2.0082262e+00
   1.8551217e+00   4.5831818e+00
   1.7440106e+00   3.9978969e+00
   1.5217883e+00  -2.7828732e+00
   1.4106772e+00  -3.5023821e+00
   1.5217883e+00  -1.9169438e+00
   1.5217883e+00   5.9313482e-01
   1.6328995e+00   7.0728604e+00
   1.7440106e+00   2.0445812e+00
   1.7440106e+00   1.8117330e+00
   1.8551217e+00  -3.2840916e+00
   2.0773439e+00   9.5832445e-01
   2.2995661e+00   1.3516236e+00
   2.4106772e+00   3.9979791e+00
   2.4106772e+00   3.8782510e+00
   2.4106772e+00   3.8460361e+00
   2.5217883e+00   6.7147222e+00
   2.6328995e+00   2.3446856e+00
   2.7440106e+00  -1.0687571e+00
   2.7440106e+00   5.0858938e+00
   2.7440106e+00  -6.9821582e-01
   2.6328995e+00   2.0999826e+00
   2.6328995e+00   8.4346670e+00
   2.5217883e+00   5.8879407e+00
   2.4106772e+00   3.4295431e+00
   2.2995661e+00   1.4064884e+00
   2.0773439e+00   5.1204356e+00
   2.0773439e+00   2.9010914e-01
   2.0773439e+00  -1.0023935e+00
   2.0773439e+00  -2.2373688e+00
   2.1884550e+00   1.0404692e-01
   2.1884550e+00  -1.9735577e+00
   2.2995661e+00   3.7101273e+00
   2.4106772e+00  -1.8314771e-01
   2.4106772e+00   4.7972371e-01
   2.5217883e+00   3.1540755e+00
   2.5217883e+00   4.8717799e+00
   2.5217883e+00  -1.8254217e+00
   2.6328995e+00   6.4358918e+00
   2.6328995e+00  -8.9798379e-01
   2.6328995e+00  -7.9833147e-01
   2.6328995e+00   4.5128061e+00
   2.6328995e+00   5.7987688e+00
   2.7440106e+00   2.9054922e+00
   2.8551217e+00  -3.4166576e+00
   2.8551217e+00   9.5438996e+00
   2.9662328e+00   1.2820508e+00
   2.8551217e+00   2.2184429e+00
   2.7440106e+00   1.4895103e+00
   2.6328995e+00   1.8974054e-01
   2.5217883e+00   2.1052229e+00
   2.2995661e+00   5.1792191e+00
   1.9662328e+00   1.4825556e+00
   1.6328995e+00  -3.7107820e+00
   1.4106772e+00   2.7303280e+00
   1.1884550e+00   5.7189287e+00
   1.0773439e+00  -1.2038683e-01
   1.0773439e+00   6.2274709e+00
   1.0773439e+00  -8.9386300e-01
   1.0773439e+00  -4.0200869e+00
   1.1884550e+00   4.1442722e+00
   1.2995661e+00   3.1433217e+00
   1.4106772e+00  -2.6976456e+00
   1.5217883e+00   1.4108002e+00
   1.5217883e+00   1.8697027e+00
   1.5217883e+00   6.1076746e-02
   1.4106772e+00   2.2339959e+00
   1.2995661e+00   3.2742661e+00
   1.1884550e+00   3.9929005e-01
   1.1884550e+00   4.4187846e+00
   1.0773439e+00   2.2804376e+00
   9.6623279e-01   9.9262885e-01
   7.4401056e-01  -1.9438983e+00
   6.3289945e-01   3.8599549e+00
   5.2178834e-01  -2.4041136e+00
   5.2178834e-01   2.7566645e+00
   6.3289945e-01  -1.7309411e+00
   8.5512168e-01  -5.5869629e-01
   9.6623279e-01  -4.5404924e+00
   1.2995661e+00   1.0869773e+00
   1.6328995e+00   3.5758938e+00
   1.9662328e+00   2.0987531e-02
   2.1884550e+00   2.1717741e+00
   2.4106772e+00   1.4803447e+00
   2.6328995e+00   4.8622320e+00
   2.7440106e+00   6.3963345e+00
   2.6328995e+00   2.8749681e+00
   2.4106772e+00   4.7391770e-01
   2.1884550e+00   4.1204730e+00
   1.9662328e+00  -3.4772485e+00
   1.9662328e+00   2.2458166e-01
   1.9662328e+00   5.8229901e+00
   1.9662328e+00   5.4522763e+00
   1.9662328e+00   6.4015011e+00
   2.0773439e+00  -9.7179587e-01
   2.4106772e+00  -2.4423155e+00
   2.7440106e+00   1.3210053e+00
   2.9662328e+00   3.4464963e+00
   3.2995661e+00   3.1676206e+00
   3.4106772e+00   7.2288816e+00
   3.5217883e+00   3.4119610e+00
   3.6328995e+00   5.2944002e+00
   3.7440106e+00   6.3861721e-01
   3.7440106e+00   2.6145823e+00
   3.6328995e+00   2.6321619e+00
   3.6328995e+00  -1.0938742e-01
   3.5217883e+00   2.8165026e+00
   3.2995661e+00   7.3750638e+00
   3.1884550e+00   1.4261721e+00
   2.9662328e+00   8.8886878e-01
   2.6328995e+00   1.6141977e+00
   2.2995661e+00   1.8248254e+00
   1.9662328e+00   2.8418824e+00
   1.6328995e+00   2.5209759e+00
   1.1884550e+00  -1.0463092e+00
   9.6623279e-01   1.5534376e+00
   7.4401056e-01  -2.0241905e+00
   5.2178834e-01   1.6884778e+00
   5.2178834e-01  -2.3750107e+00
   5.2178834e-01  -3.2828884e+00
   6.3289945e-01   2.8914653e+00
   7.4401056e-01   2.6666108e-01
   9.6623279e-01   3.9891770e+00
   1.2995661e+00   4.4468082e+00
   1.5217883e+00  -2.4373376e+00
   1.7440106e+00  -1.4996607e+00
   1.9662328e+00   3.5301021e+00
   2.0773439e+00  -1.9435366e-01
   2.2995661e+00  -4.8050316e+00
   2.5217883e+00   4.0415739e+00
   2.7440106e+00  -3.3823823e-01
   2.8551217e+00  -1.0909728e+00
   3.0773439e+00   6.2989908e+00
   3.2995661e+00  -8.9813106e-01
   3.5217883e+00   1.6332283e+00
   3.7440106e+00   6.3210992e+00
   4.0773439e+00   5.8732885e+00
   4.4106772e+00   5.1033773e+00
   4.6328995e+00   9.2954020e+00
   4.9662328e+00   6.4731660e+00
   5.2995661e+00   2.8365207e-01
   5.5217883e+00   1.5142283e+00
   5.8551217e+00   7.8099773e+00
   6.0773439e+00   7.1485740e+00
   6.4106772e+00   1.0701113e+01
   6.6328995e+00   5.9182065e+00
   6.8551217e+00   1.1546734e+01
   6.9662328e+00   7.0916027e+00
   7.0773439e+00   1.2993689e+01
   7.1884550e+00   5.3941358e+00
   7.2995661e+00   6.0637428e+00
   7.2995661e+00   4.8336564e+00
   7.4106772e+00   7.1018861e+00
   7.4106772e+00   6.5254448e+00
   7.2995661e+00   4.1944436e+00
   7.1884550e+00   4.5510126e+00
   7.0773439e+00   3.6502927e+00
   6.9662328e+00   8.1717232e+00
   6.8551217e+00   4.6879476e+00
   6.7440106e+00   4.5427218e+00
   6.6328995e+00   3.7065027e+00
   6.5217883e+00   8.3473460e+00
   6.4106772e+00   8.9832641e+00
   6.2995661e+00   3.7781017e+00
   6.1884550e+00   7.0455645e+00
   6.2995661e+00   4.0210662e+00
   6.1884550e+00   2.7738241e+00
   6.0773439e+00   1.1157997e+01
   5.9662328e+00   2.4496820e+00
   5.8551217e+00   6.6232739e+00
   5.7440106e+00   1.2386164e+01
   5.6328995e+00   6.3459020e+00
   5.6328995e+00   2.7495912e+00
   5.5217883e+00   7.2897742e+00
   5.4106772e+00   3.9641799e+00
   5.4106772e+00   6.6926259e+00
   5.2995661e+00   9.5911691e+00
   5.1884550e+00   5.1925295e+00
   5.0773439e+00  -1.8433257e-01
   4.9662328e+00   5.0200724e+00
   4.8551217e+00   6.4126325e+00
   4.7440106e+00   3.2838160e+00
   4.7440106e+00   7.1813946e+00
   4.6328995e+00   1.0424893e+01
   4.5217883e+00   2.7242151e+00
   4.5217883e+00   8.2766667e+00
   4.5217883e+00   4.9607624e+00
   4.6328995e+00   3.9200248e+00
   4.7440106e+00   3.3171630e+00
   4.8551217e+00   9.3340445e+00
   4.9662328e+00   6.3586695e+00
   5.0773439e+00   6.0642820e+00
   5.1884550e+00   6.7057763e+00
   5.2995661e+00   3.3993311e+00
   5.4106772e+00   4.8653753e+00
   5.5217883e+00   8.4623294e+00
   5.6328995e+00   9.0644780e+00
   5.6328995e+00   6.2143362e+00
   5.7440106e+00   8.9271643e+00
   5.7440106e+00   8.0298580e+00
   5.8551217e+00   5.2605894e+00
   5.8551217e+00   6.7096024e+00
   5.9662328e+00   3.0603163e+00
   6.0773439e+00   4.0273923e+00
   6.0773439e+00   4.5751772e+00
   6.0773439e+00   6.9707023e+00
   6.1884550e+00   2.7380291e+00
   6.0773439e+00   5.3364480e+00
   6.0773439e+00   1.0329356e+01
   5.9662328e+00   7.9319329e-01
   5.9662328e+00   6.0651922e+00
   5.7440106e+00   7.0852430e+00
   5.5217883e+00   6.5511269e+00
   5.4106772e+00   9.8032812e+00
   5.1884550e+00   5.7493940e+00
   4.9662328e+00   2.1899505e+00
   4.7440106e+00   7.4659815e+00
   4.5217883e+00   7.1544970e+00
   4.2995661e+00   6.8556864e+00
   4.1884550e+00   6.5276079e+00
   4.1884550e+00   3.8095939e+00
   4.1884550e+00   3.0332048e-01
   4.2995661e+00  -1.5500682e+00
   4.4106772e+00   4.1952233e+00
   4.5217883e+00   6.5936635e+00
   4.7440106e+00  -3.2984975e+00
   4.9662328e+00  -5.8238350e-01
   5.1884550e+00   1.0783292e+00
   5.2995661e+00   4.6278213e+00
   5.2995661e+00   6.8821143e+00
   5.4106772e+00   8.1868124e+00
   5.4106772e+00   1.2495764e+01
   5.4106772e+00   6.7979919e+00
   5.4106772e+00   7.8117286e+00
   5.2995661e+00   1.9753183e+00
   5.1884550e+00   3.9459181e+00
   5.0773439e+00   2.0743204e+00
   4.9662328e+00   3.7640036e+00
   4.9662328e+00   4.8590664e+00
   4.8551217e+00   8.0671704e+00
   4.8551217e+00   8.8478731e+00
   4.7440106e+00   3.8079089e+00
   4.6328995e+00  -5.9504920e-01
   4.6328995e+00  -1.2172986e+00
   4.7440106e+00   4.2749495e+00
   4.8551217e+00   5.1547024e+00
   4.9662328e+00   2.1307006e+00
   5.0773439e+00   2.0385318e+00
   5.1884550e+00   7.6357744e+00
   5.1884550e+00   2.7650706e+00
   5.2995661e+00   6.3226437e+00
   5.4106772e+00   6.9392216e+00
   5.5217883e+00   3.2949386e+00
   5.5217883e+00   6.1975647e+00
   5.6328995e+00   7.7876164e+00
   5.7440106e+00   2.7188989e+00
   5.8551217e+00   4.8392825e+00
   6.0773439e+00   2.1968296e+00
   6.1884550e+00   6.2344280e+00
   6.2995661e+00   2.5066393e+00
   6.4106772e+00   1.6172051e+00
   6.6328995e+00   8.3284730e+00
   6.9662328e+00   9.1264820e+00
   7.0773439e+00   1.3070495e+01
   7.2995661e+00   9.8162424e+00
   7.5217883e+00   4.8914828e+00
   7.6328995e+00   1.0134372e+01
   7.7440106e+00   1.1013641e+01
   7.8551217e+00   5.4299200e+00
   8.0773439e+00   1.0730109e+01
   8.0773439e+00   9.5515735e+00
   8.0773439e+00   2.4866812e+00
   8.2995661e+00   4.0878709e+00
   8.4106772e+00   3.0147231e+00
   8.5217883e+00   4.1569554e+00
   8.5217883e+00   5.6683967e+00
   8.8551217e+00   1.0370680e+01
   9.0773439e+00   3.7966989e+00
   9.4106772e+00   4.7193861e+00
   9.7440106e+00   9.5796553e+00
   1.0077344e+01   6.4446598e+00
   1.0299566e+01   1.0761392e+01
   1.0299566e+01   1.1066291e+01
   1.0299566e+01   1.0291357e+01
   1.0521788e+01   1.1664162e+01
   1.0299566e+01   1.1617024e+01
   1.0299566e+01   7.4505126e+00
   1.0077344e+01   5.1663458e+00
   9.9662328e+00   1.5112495e+01
   9.8551217e+00   1.2431335e+01
   9.8551217e+00   7.5634698e+00
   9.9662328e+00   1.3545575e+01
   1.0077344e+01   1.7002429e+01
   1.0077344e+01   5.5058754e+00
   1.0299566e+01   3.6422157e+00
   1.0410677e+01   1.6934322e+01
   1.0521788e+01   7.4295409e+00
   1.0521788e+01   9.2620146e+00
   1.0521788e+01   1.3042454e+01
   1.0410677e+01   1.3159850e+01
   1.0299566e+01   1.1723592e+01
   1.0188455e+01   9.9660229e+00
   1.0077344e+01   7.2807604e+00
   9.9662328e+00   1.5039281e+01
   9.8551217e+00   1.1003206e+01
   9.7440106e+00   5.1667848e+00
   9.7440106e+00   1.1568841e+01
   9.5217883e+00   1.2527278e+01
   9.2995661e+00   1.5926128e+01
   9.1884550e+00   8.6700506e+00
   9.0773439e+00   1.0828822e+01
   8.8551217e+00   1.0208784e+01
   8.7440106e+00   1.5024106e+01
   8.5217883e+00   1.1198247e+01
   8.2995661e+00   8.8289799e+00
   8.0773439e+00   7.8446278e+00
   7.9662328e+00   9.0669323e+00
   7.8551217e+00   1.1199705e+01
   7.7440106e+00   9.3202167e+00
   7.6328995e+00   2.0757632e+00
   7.6328995e+00   8.3298025e+00
   7.5217883e+00   5.6787377e+00
   7.4106772e+00   7.4892154e+00
   7.2995661e+00   9.1958467e+00
   7.2995661e+00   7.8897343e+00
   7.2995661e+00   9.0812523e+00
   7.1884550e+00   9.5316196e+00
   7.0773439e+00   9.4660288e+00
   6.9662328e+00   2.9939750e+00
   6.8551217e+00   9.0235046e+00
   6.7440106e+00   2.3668198e+00
   6.7440106e+00   5.7509059e+00
   6.7440106e+00   8.3964715e+00
   6.6328995e+00   8.8911233e+00
   6.5217883e+00   8.6181164e+00
   6.4106772e+00   1.1975662e+01
   6.4106772e+00   4.0604760e+00
   6.2995661e+00   4.4207236e+00
   6.1884550e+00   1.3530657e+01
   6.1884550e+00   5.6654961e+00
   6.1884550e+00   8.7119807e+00
   6.1884550e+00   1.6987022e+00
   6.1884550e+00   6.5807655e+00
   6.1884550e+00   4.3800574e+00
   6.2995661e+00   1.0348336e+01
   6.2995661e+00   1.2657011e+01
   6.4106772e+00   1.4400740e+01
   6.5217883e+00   4.7159676e+00
   6.6328995e+00   1.0787478e+01
   6.7440106e+00   5.4502397e+00
   6.8551217e+00   1.7154084e+00
   6.9662328e+00   5.4674524e+00
   7.0773439e+00   4.3005748e+00
   7.1884550e+00   5.3723740e+00
   7.1884550e+00   1.1617900e+01
   7.2995661e+00   3.7735131e+00
   7.2995661e+00   6.2755045e+00
   7.1884550e+00   1.0394429e+01
   7.0773439e+00   8.5174506e+00
   6.9662328e+00   2.4065739e+00
   6.8551217e+00   7.0089517e+00
   6.8551217e+00   1.1409200e+01
   6.7440106e+00   4.6027627e+00
   6.7440106e+00   5.5287869e+00
   6.6328995e+00   5.6315666e+00
   6.6328995e+00   1.1227401e-01
   6.5217883e+00   4.8890278e+00
   6.4106772e+00   6.4957206e+00
   6.2995661e+00   5.3578932e+00
   6.1884550e+00   7.7533197e+00
   5.9662328e+00   6.2159152e+00
   5.8551217e+00  -2.6499148e-01
   5.7440106e+00   3.1072763e+00
   5.6328995e+00   7.4571469e+00
   5.4106772e+00   5.1328654e+00
   5.2995661e+00   6.1942015e+00
   5.1884550e+00   1.1405216e+01
   5.0773439e+00   2.0438904e+00
   4.9662328e+00   7.4401798e+00
   4.8551217e+00  -1.1075595e+00
   4.8551217e+00   4.7138946e+00
   4.8551217e+00   2.0685342e+00
   4.8551217e+00   4.2876174e+00
   4.9662328e+00   8.1922071e+00
   5.1884550e+00   5.0010167e+00
   5.2995661e+00   5.5192083e+00
   5.5217883e+00   5.3632205e+00
   5.7440106e+00   7.0981852e+00
   5.9662328e+00   5.6754264e+00
   6.1884550e+00   5.4043280e+00
   6.2995661e+00   6.4287411e+00
   6.5217883e+00   1.5318859e+00
   6.6328995e+00   1.2905880e+01
   6.5217883e+00   3.2632587e+00
   6.5217883e+00   3.1979435e+00
   6.4106772e+00   6.3614627e+00
   6.2995661e+00   8.9390242e+00
   6.2995661e+00   6.5657534e+00
   6.2995661e+00   3.4949415e+00
   6.2995661e+00   4.0374852e+00
   6.1884550e+00   7.2377581e+00
   6.0773439e+00   1.3122297e+01
   6.0773439e+00   4.3636357e-01
   6.0773439e+00   5.9156853e+00
   6.0773439e+00   7.8775490e+00
   6.1884550e+00   1.1115314e+01
   6.1884550e+00   6.9485894e+00
   6.0773439e+00   4.2023695e+00
   6.1884550e+00   7.3976992e+00
   6.1884550e+00   8.5051662e+00
   6.2995661e+00   5.0381333e+00
   6.4106772e+00   1.0905652e+01
   6.5217883e+00   4.5537048e+00
   6.6328995e+00   8.4438952e+00
   6.5217883e+00   1.1380520e+01
   6.4106772e+00   3.4043706e+00
   6.2995661e+00   7.9098304e+00
   6.0773439e+00   6.7696281e+00
   5.9662328e+00   4.5039069e+00
   5.8551217e+00   4.8727097e+00
   5.7440106e+00   6.0634696e+00
   5.6328995e+00   5.5826290e+00
   5.5217883e+00   8.3089865e+00
   5.5217883e+00   2.6243106e+00
   5.5217883e+00   4.7457565e+00
   5.5217883e+00   2.8279236e+00
   5.5217883e+00   1.1613386e+01
   5.5217883e+00   1.1773005e+00
   5.4106772e+00   7.1188730e+00
   5.2995661e+00   6.9726632e+00
   5.2995661e+00   1.6053305e-01
   5.2995661e+00   3.3194184e+00
   5.1884550e+00   1.1466452e+01
   5.0773439e+00   3.4134994e+00
   5.0773439e+00   4.0917199e+00
   4.9662328e+00   7.7545838e+00
   4.8551217e+00   6.4598365e+00
   4.8551217e+00   9.0308995e+00
   4.9662328e+00   4.1149369e+00
   4.9662328e+00   9.1197274e-01
   4.9662328e+00   4.8363612e+00
   5.1884550e+00   5.5126425e+00
   5.4106772e+00   1.0700293e+01
   5.5217883e+00   4.1774386e+00
   5.7440106e+00   4.2917250e+00
   6.0773439e+00   4.2406467e+00
   6.4106772e+00   7.1046968e+00
   6.6328995e+00   6.6575210e+00
   6.8551217e+00   1.2739831e+01
   7.0773439e+00   3.3778292e+00
   7.1884550e+00   6.5515136e+00
   7.2995661e+00   9.8079825e+00
   7.2995661e+00   1.3969538e+01
   7.4106772e+00   4.9590649e+00
   7.2995661e+00   6.2150447e+00
   7.1884550e+00   5.7048250e+00
   7.1884550e+00   8.6128642e+00
   7.1884550e+00   5.5471741e+00
   7.0773439e+00   7.4157485e+00
   7.0773439e+00   1.8813766e+00
   7.0773439e+00   7.8101476e+00
   7.1884550e+00   1.8732877e+00
   7.1884550e+00   3.7154122e+00
   7.2995661e+00   9.9842279e+00
   7.4106772e+00   8.3777861e+00
   7.4106772e+00   7.0893620e+00
   7.4106772e+00   5.8959498e+00
   7.5217883e+00   5.1538666e+00
   7.6328995e+00   8.4374818e+00
   7.6328995e+00   6.9779695e+00
   7.6328995e+00   1.1045911e+01
   7.6328995e+00   7.1064370e+00
   7.6328995e+00   4.0043768e+00
   7.7440106e+00   1.2082336e+01
   7.8551217e+00   4.6486063e+00
   7.9662328e+00   8.2375407e+00
   8.0773439e+00   8.0377648e+00
   7.9662328e+00   6.3930882e+00
   7.9662328e+00   6.6450456e+00
   8.0773439e+00   8.5502223e+00
   8.1884550e+00   8.4385995e+00
   8.2995661e+00   1.0551756e+01
   8.1884550e+00   7.1795654e+00
   8.0773439e+00   5.4055255e+00
   8.0773439e+00   1.1282086e+01
   7.9662328e+00   6.8895351e+00
   7.9662328e+00   8.3506219e+00
   8.0773439e+00   7.3506346e+00
   7.9662328e+00   1.0437514e+01
   7.8551217e+00   1.0613721e+01
   7.7440106e+00   6.8054395e+00
   7.7440106e+00   2.9896476e+00
   7.7440106e+00   7.3249617e+00
   7.5217883e+00   6.1803852e+00
   7.5217883e+00   9.9734569e+00
   7.5217883e+00   4.3533734e+00
   7.2995661e+00   6.5264696e+00
   7.1884550e+00   9.9822865e+00
   7.0773439e+00   8.7671736e+00
   6.9662328e+00   4.9709660e+00
   6.8551217e+00   3.7606279e+00
   6.6328995e+00   9.5805696e+00
   6.5217883e+00   5.5458246e+00
   6.2995661e+00   6.9479010e+00
   6.0773439e+00   4.8173235e+00
   6.0773439e+00   5.0853702e+00
   5.9662328e+00   5.0024885e+00
   5.7440106e+00   5.5411224e+00
   5.5217883e+00   8.3252309e+00
   5.2995661e+00   5.2691699e+00
   5.1884550e+00   5.1848272e+00
   5.0773439e+00   1.9076108e+00
   4.8551217e+00  -3.2172494e+00
   4.6328995e+00   6.6172529e+00
   4.2995661e+00   1.5087702e+00
   3.9662328e+00   4.0410028e+00
   3.8551217e+00   4.9929233e+00
   3.6328995e+00   3.2075575e+00
   3.5217883e+00  -2.7688796e-01
   3.4106772e+00   2.6024603e+00
   3.2995661e+00   3.5861075e+00
   3.2995661e+00   7.2463434e+00
   3.2995661e+00  -2.1757177e+00
   3.2995661e+00   4.6319976e+00
   3.5217883e+00   4.9790543e+00
   3.5217883e+00   6.8816990e-01
   3.7440106e+00   4.4343073e+00
   3.8551217e+00   8.5508465e+00
   3.9662328e+00   8.4792358e+00
   4.0773439e+00   4.6143269e+00
   4.1884550e+00   4.2832566e+00
   4.2995661e+00   1.1599179e-01
   4.5217883e+00   3.0654355e+00
   4.6328995e+00   2.9299262e+00
   4.8551217e+00   7.1892886e+00
   4.9662328e+00   4.3238519e+00
   5.1884550e+00   6.7586251e+00
   5.2995661e+00   5.7615551e+00
   5.4106772e+00   8.6185623e+00
   5.6328995e+00   9.6850010e-01
   5.8551217e+00   1.0506132e+01
   5.9662328e+00   7.2527686e+00
   6.1884550e+00   9.4979206e+00
   6.4106772e+00   2.5197243e+00
   6.6328995e+00   7.5532976e+00
   6.7440106e+00   1.1265803e+01
   6.9662328e+00   1.8169103e+00
   7.2995661e+00   1.0133768e+01
   7.4106772e+00   9.9049320e+00
   7.5217883e+00   4.8687730e+00
   7.5217883e+00   7.2947519e+00
   7.5217883e+00   6.0117757e+00
   7.5217883e+00   4.3187796e+00
   7.5217883e+00   2.7509454e+00
   7.6328995e+00   1.1307291e+01
   7.7440106e+00   1.3647132e+01
   7.7440106e+00   8.2804104e+00
   7.8551217e+00   9.1340159e+00
   7.9662328e+00   9.5679123e+00
   8.1884550e+00   1.3013353e+01
   8.2995661e+00   8.8430845e+00
   8.4106772e+00   6.2869952e+00
   8.5217883e+00   5.8209333e+00
   8.6328995e+00   1.1208886e+01
   8.6328995e+00   1.3869354e+01
   8.6328995e+00   8.5022895e+00
   8.7440106e+00   4.9583513e+00
   8.8551217e+00   1.2421226e+01
   8.9662328e+00   4.6785970e+00
   8.9662328e+00   6.3402692e+00
   8.9662328e+00   9.9846744e+00
   8.9662328e+00   6.4694307e+00
   8.8551217e+00   1.0072735e+01
   8.8551217e+00   1.1703507e+01
   8.8551217e+00   9.6333611e+00
   8.7440106e+00   9.6130929e+00
   8.6328995e+00   1.3495359e+01
   8.5217883e+00   1.1043168e+01
   8.5217883e+00   8.0129161e+00
   8.4106772e+00   6.6187198e+00
   8.2995661e+00   4.9824318e+00
   8.1884550e+00   1.0077575e+01
   8.0773439e+00   1.6331245e+01
   7.9662328e+00   7.2360174e+00
   7.8551217e+00   7.8711554e+00
   7.7440106e+00   1.1200148e+01
   7.5217883e+00   9.4463574e+00
   7.2995661e+00   4.4498068e+00
   7.1884550e+00   9.0759469e+00
   6.9662328e+00   3.5351845e+00
   6.7440106e+00   5.9704451e+00
   6.6328995e+00   7.8397463e-01
   6.6328995e+00   9.1028986e+00
   6.4106772e+00   7.2078844e+00
   6.4106772e+00   4.4001933e+00
   6.4106772e+00   1.0285187e+01
   6.4106772e+00   8.7075752e+00
   6.2995661e+00   4.3525213e+00
   6.2995661e+00   5.3825199e+00
   6.4106772e+00   8.5165933e+00
   6.2995661e+00   1.0091314e+01
   6.0773439e+00   2.6068539e+00
   6.1884550e+00   9.9461771e+00
   5.9662328e+00   5.1915889e+00
   5.8551217e+00   4.1680312e+00
   5.8551217e+00   8.9240330e+00
   5.8551217e+00   6.9912045e+00
   5.8551217e+00   7.0392224e+00
   5.7440106e+00   4.7117379e+00
   5.7440106e+00   6.3577697e+00
   5.8551217e+00   2.8076400e+00
   5.8551217e+00   9.1401459e+00
   5.9662328e+00   2.9845487e+00
   6.0773439e+00   6.8158851e+00
   6.0773439e+00   5.7670967e+00
   6.1884550e+00   4.9801831e+00
   6.4106772e+00   3.8289241e+00
   6.5217883e+00   8.3612670e+00
   6.7440106e+00   7.6452128e+00
   6.8551217e+00   6.6406564e+00
   6.9662328e+00   1.0167356e+01
   7.0773439e+00   8.8106541e+00
   7.2995661e+00   7.2003944e+00
   7.4106772e+00   1.4197013e+01
   7.5217883e+00   9.6813585e+00
   7.6328995e+00   5.8081257e+00
   7.8551217e+00   1.1392735e+01
   7.9662328e+00   5.7599946e+00
   8.0773439e+00   7.9297123e+00
   8.1884550e+00   1.1477371e+01
   8.2995661e+00   3.0249245e+00
   8.2995661e+00   8.3853325e+00
   8.2995661e+00   1.2773384e+01
   8.4106772e+00   7.4134308e+00
   8.4106772e+00   1.1111524e+01
   8.2995661e+00   1.0495093e+01
   8.1884550e+00   6.4226245e+00
   8.0773439e+00   6.0646973e+00
   7.9662328e+00   1.3468733e+01
   7.8551217e+00   7.3801378e+00
   7.8551217e+00   3.5982097e+00
   7.9662328e+00   6.0625902e+00
   7.9662328e+00   6.4552773e+00
   7.7440106e+00   3.4728348e+00
   7.8551217e+00   6.9137161e+00
   8.0773439e+00   1.1085876e+01
   8.1884550e+00   7.7490829e+00
   8.4106772e+00   3.6212670e+00
   8.5217883e+00   1.1746786e+01
   8.5217883e+00   5.8672589e+00
   8.5217883e+00   6.8466659e+00
   8.5217883e+00   9.6799261e+00
   8.7440106e+00   3.4964384e+00
   8.6328995e+00   5.1920518e+00
   8.4106772e+00   7.8099113e+00
   8.4106772e+00   9.3062837e+00
   8.2995661e+00   6.2835545e+00
   8.2995661e+00   1.3173431e+01
   8.1884550e+00   5.8871294e+00
   8.1884550e+00   5.8044264e+00
   8.1884550e+00   1.2309228e+01
   8.1884550e+00   1.2770203e+01
   8.2995661e+00   8.8444746e+00
   8.4106772e+00   6.2896958e+00
   8.4106772e+00   6.0360574e+00
   8.2995661e+00  -1.7582826e+00
   8.2995661e+00   9.0708746e+00
   8.4106772e+00   9.0551071e+00
   8.4106772e+00   6.0059570e+00
   8.2995661e+00   8.8068947e+00
   8.2995661e+00   7.9391601e+00
   8.1884550e+00   2.3462599e+00
   8.0773439e+00   4.6451200e+00
   7.9662328e+00   1.4246444e+01
   7.9662328e+00   3.8830701e+00
   7.8551217e+00   6.3180357e+00
   7.6328995e+00   7.1973884e+00
   7.4106772e+00   5.8163068e+00
   7.4106772e+00   5.7286502e+00
   7.1884550e+00   5.0901391e+00
   7.0773439e+00   6.7652482e+00
   6.9662328e+00   8.8389000e+00
   6.8551217e+00   7.9688678e+00
   6.7440106e+00   6.0157464e+00
   6.6328995e+00  -1.6863060e+00
   6.5217883e+00   5.8871372e+00
   6.4106772e+00   6.2108506e+00
   6.1884550e+00   1.5182975e+00
   6.0773439e+00   7.1452397e+00
   5.9662328e+00   5.8688848e+00
   5.7440106e+00   2.2708285e+00
   5.5217883e+00   1.1452789e+01
   5.2995661e+00   8.1663867e+00
   4.9662328e+00   4.4302348e+00
   4.8551217e+00   1.4532243e+00
   4.6328995e+00   1.0288181e+01
   4.4106772e+00   1.8955434e+00
   4.1884550e+00   4.9910625e+00
   3.8551217e+00   6.3509211e+00
   3.6328995e+00   6.6060412e+00
   3.4106772e+00   3.1518706e+00
   3.1884550e+00   1.6174460e-01
   3.0773439e+00   1.5975124e+00
   2.7440106e+00   5.0240188e+00
   2.5217883e+00   6.4049376e-01
   2.2995661e+00   9.0755585e+00
   2.0773439e+00   1.8676899e+00
   1.8551217e+00   3.5173616e+00
   1.5217883e+00  -1.2389209e+00
   1.2995661e+00   7.0269171e-01
   9.6623279e-01   5.5749976e+00
   5.2178834e-01  -3.3449444e+00
   1.8845501e-01   1.9665300e-01
  -1.4487832e-01   1.7617350e+00
  -5.8932277e-01  -1.4775897e+00
  -1.0337672e+00   7.9286299e-01
  -1.3671005e+00  -2.1977783e+00
  -1.5893228e+00   3.0272885e+00
  -2.0337672e+00  -3.1302777e+00
  -2.3671005e+00  -1.8677134e+00
  -2.5893228e+00   2.0532897e+00
  -2.8115450e+00  -6.0663300e+00
  -3.0337672e+00  -1.5123153e+00
  -3.0337672e+00   5.4160517e+00
  -3.0337672e+00  -3.0036595e+00
  -3.0337672e+00   8.2413403e-01
  -2.9226561e+00  -1.4887389e+00
  -2.5893228e+00  -2.9638371e+00
  -2.1448783e+00  -7.0613757e+00
  -1.7004339e+00  -4.6017779e+00
  -1.2559894e+00  -1.3735125e+00
  -8.1154499e-01  -1.1392535e+00
  -4.7821166e-01   3.2729965e+00
  -1.4487832e-01  -2.9146672e+00
   1.8845501e-01  -1.1065955e+00
   5.2178834e-01   2.2314453e-01
   7.4401056e-01   1.7522074e+00
   8.5512168e-01  -2.4666494e+00
   8.5512168e-01   3.9261420e+00
   7.4401056e-01   5.9875485e+00
   6.3289945e-01   3.7696572e+00
   5.2178834e-01   5.6714798e+00
   4.1067723e-01   1.9147850e+00
   1.8845501e-01   4.2351059e-01
  -1.4487832e-01   4.2207902e-01
  -4.7821166e-01   1.9710379e+00
  -8.1154499e-01   3.1297677e-01
  -1.0337672e+00   4.2062631e+00
  -1.1448783e+00   4.7493219e+00
  -1.3671005e+00  -1.4135393e+00
  -1.4782117e+00   2.4413514e+00
  -1.7004339e+00   7.1770608e+00
  -1.7004339e+00  -4.6952261e+00
  -1.7004339e+00  -3.2897099e+00
  -1.7004339e+00   2.5984517e+00
  -1.7004339e+00  -3.1411927e-01
  -1.8115450e+00  -1.4117287e+00
  -2.0337672e+00  -3.6568083e+00
  -2.1448783e+00  -2.9207004e+00
  -2.3671005e+00  -4.5701446e+00
  -2.4782117e+00  -2.2211671e+00
  -2.7004339e+00  -2.8934042e-01
  -2.9226561e+00  -4.7644647e+00
  -3.0337672e+00  -2.4653801e+00
  -3.1448783e+00  -4.9333833e+00
  -3.1448783e+00   6.3282078e-01
  -3.0337672e+00   1.1372008e+00
  -3.0337672e+00   1.9864360e+00
  -3.0337672e+00  -4.8095109e+00
  -3.0337672e+00   1.1414667e+00
  -2.9226561e+00  -3.7605305e+00
  -2.7004339e+00  -5.4805357e+00
  -2.4782117e+00  -7.7923678e+00
  -2.2559894e+00  -3.9098057e+00
  -2.0337672e+00  -6.6173682e+00
  -1.7004339e+00   1.4805370e+00
  -1.2559894e+00   3.5630020e+00
  -8.1154499e-01  -2.3601170e+00
  -3.6710055e-01   1.1502501e+00
  -3.3767214e-02  -9.5449737e-02
   2.9956612e-01  -4.4831983e+00
   5.2178834e-01  -9.4725964e-01
   8.5512168e-01   4.2733483e+00
   1.1884550e+00  -1.5765036e+00
   1.4106772e+00  -8.3970661e-01
   1.6328995e+00   8.5432355e+00
   1.8551217e+00  -2.7708892e-01
   2.0773439e+00  -2.8028247e+00
   2.4106772e+00   1.0979240e+00
   2.5217883e+00  -1.1148902e+00
   2.6328995e+00  -8.0405336e-01
   2.6328995e+00   9.5621091e-01
   2.7440106e+00  -1.9261395e-01
   2.8551217e+00   3.7146860e+00
   2.9662328e+00   1.5485868e+00
   3.0773439e+00   6.9726880e+00
   3.1884550e+00   4.4010782e+00
   3.1884550e+00   7.5231779e+00
   3.2995661e+00   1.2054765e+00
   3.5217883e+00   4.4620928e+00
   3.7440106e+00   6.4730686e+00
   3.7440106e+00   6.9092346e+00
   3.8551217e+00   2.5496531e+00
   3.8551217e+00   2.4443822e+00
   3.9662328e+00   1.0705788e+01
   4.0773439e+00   5.6365573e+00
   4.1884550e+00   1.4427553e+00
   4.2995661e+00   2.6987941e+00
   4.4106772e+00  -3.3857048e+00
   4.5217883e+00  -2.9035366e+00
   4.8551217e+00   7.3925734e+00
   4.8551217e+00   6.9011838e+00
   5.0773439e+00   8.7073165e-01
   5.1884550e+00   6.8273519e+00
   5.1884550e+00   8.1557309e+00
   5.1884550e+00   4.2856965e-01
   5.1884550e+00   2.8061352e+00
   5.0773439e+00   2.3513008e+00
   5.0773439e+00  -4.1827913e+00
   4.7440106e+00   4.2487980e+00
   4.7440106e+00   5.2092878e+00
   4.6328995e+00   5.6506279e+00
   4.5217883e+00   2.2592726e+00
   4.5217883e+00   3.2084942e+00
   4.4106772e+00   6.0990792e+00
   4.4106772e+00   2.7184456e+00
   4.4106772e+00   4.3976237e+00
   4.2995661e+00   3.8774244e+00
   4.2995661e+00   4.4079956e+00
   4.1884550e+00   5.4938900e+00
   4.0773439e+00   2.7614903e+00
   4.0773439e+00  -3.5723270e-01
   4.0773439e+00   6.2747906e+00
   4.2995661e+00   5.7691491e+00
   4.4106772e+00   9.2808139e+00
   4.5217883e+00   2.6744226e+00
   4.6328995e+00   1.7680899e+00
   4.7440106e+00   8.6293692e+00
   5.0773439e+00   5.7704549e+00
   5.4106772e+00   7.8950702e+00
   5.6328995e+00   1.7524136e+00
   5.8551217e+00   4.9159529e+00
   5.9662328e+00   5.9954783e+00
   6.0773439e+00   9.6092715e-01
   6.0773439e+00   1.3121816e+01
   6.1884550e+00   3.5314442e+00
   6.4106772e+00   5.3539202e+00
   6.4106772e+00   5.7149948e+00
   6.4106772e+00   1.4409285e+01
   6.4106772e+00   7.4090805e+00
   6.4106772e+00   7.7916190e+00
   6.4106772e+00   7.1546734e+00
   6.4106772e+00   4.5926089e+00
   6.4106772e+00   5.5268051e+00
   6.2995661e+00   8.4818722e+00
   6.0773439e+00   1.2743890e+01
   5.9662328e+00  -1.5072696e-01
   5.7440106e+00   8.4417119e+00
   5.5217883e+00   5.9691967e+00
   5.2995661e+00  -2.7391429e+00
   4.9662328e+00   3.9828819e+00
   4.7440106e+00   1.0505254e+01
   4.6328995e+00   2.5205026e+00
   4.4106772e+00   8.9832453e+00
   4.4106772e+00   8.0946089e+00
   4.1884550e+00  -2.9413652e+00
   4.0773439e+00   8.3051549e+00
   3.9662328e+00   7.3847974e+00
   3.8551217e+00   9.2648933e-01
   3.9662328e+00   5.4354591e+00
   3.9662328e+00   3.8648750e+00
   4.0773439e+00   2.2263463e+00
   4.4106772e+00   1.0042288e+01
   4.6328995e+00   6.5103253e+00
   5.0773439e+00   4.8593219e+00
   5.5217883e+00   6.1941183e+00
   6.0773439e+00   5.6602342e+00
   6.6328995e+00   9.1077978e+00
   7.0773439e+00   6.5773984e+00
   7.5217883e+00   9.1854317e+00
   7.9662328e+00   4.8693302e+00
   8.2995661e+00   2.4968030e+00
   8.6328995e+00   9.2960680e+00
   8.8551217e+00   1.2135171e+01
   9.1884550e+00   5.4164832e+00
   9.4106772e+00   1.5869994e+01
   9.6328995e+00   1.0282072e+01
   9.8551217e+00   3.1791691e+00
   1.0077344e+01   1.2328032e+01
   1.0077344e+01   1.1990969e+01
   1.0188455e+01   1.1744409e+01
   1.0299566e+01   1.0588056e+01
   1.0299566e+01   1.1656699e+01
   1.0188455e+01   8.9836718e+00
   1.0077344e+01   1.2002681e+01
   9.9662328e+00   7.4267742e+00
   9.9662328e+00   1.1879838e+01
   9.9662328e+00   8.7459647e+00
   1.0077344e+01   1.3285604e+01
   9.9662328e+00   8.0073577e+00
   9.8551217e+00   9.7438754e+00
   1.0077344e+01   6.6149317e+00
   1.0077344e+01   1.1574254e+01
   1.0188455e+01   1.1463406e+01
   1.0299566e+01   1.6016917e+01
   1.0188455e+01   1.3685153e+01
   1.0077344e+01   7.8332952e+00
   9.9662328e+00   1.5839694e+01
   9.9662328e+00   1.0397430e+01
   9.8551217e+00   1.2543943e+01
   9.5217883e+00   1.1892773e+01
   9.4106772e+00   1.2273318e+01
   9.0773439e+00   8.2099299e+00
   8.7440106e+00   7.4048472e+00
   8.5217883e+00   9.8426473e+00
   8.2995661e+00   8.0503146e+00
   8.0773439e+00   1.0582044e+01
   7.8551217e+00   7.9412970e+00
   7.7440106e+00   5.0142058e+00
   7.5217883e+00   4.2991704e+00
   7.2995661e+00   8.4646365e+00
   7.0773439e+00   1.0120390e+01
   6.8551217e+00   8.4048245e+00
   6.6328995e+00   8.6759185e+00
   6.4106772e+00   2.1973730e+00
   6.1884550e+00   1.0263911e+01
   5.9662328e+00   5.6684859e+00
   5.6328995e+00   5.4728745e+00
   5.4106772e+00   2.2485992e+00
   5.2995661e+00   1.1104449e+01
   5.2995661e+00   3.4399853e+00
   5.2995661e+00   4.6577073e+00
   5.2995661e+00   4.3067893e+00
   5.2995661e+00   1.8989374e+00
   5.2995661e+00   7.7801753e+00
   5.2995661e+00   1.8679489e+00
   5.4106772e+00   1.8361515e+00
   5.6328995e+00   6.5471831e-01
   5.6328995e+00   8.3334747e+00
   5.6328995e+00   6.3406203e+00
   5.5217883e+00   4.8063186e+00
   5.4106772e+00   4.8610911e+00
   5.2995661e+00   2.4313944e+00
   5.0773439e+00   1.4123685e+00
   4.8551217e+00   4.5056519e+00
   4.6328995e+00   4.6472592e+00
   4.2995661e+00   1.1158168e+00
   4.0773439e+00   5.1858999e+00
   3.8551217e+00   2.7368996e+00
   3.7440106e+00  -1.5179136e+00
   3.6328995e+00   7.0004909e+00
   3.6328995e+00   4.9875211e+00
   3.7440106e+00   6.7797894e+00
   3.8551217e+00   5.3375555e+00
   3.9662328e+00   8.1434188e+00
   4.0773439e+00   2.8540543e+00
   4.1884550e+00   5.5087721e+00
   4.2995661e+00   2.5567811e+00
   4.5217883e+00   6.6266848e+00
   4.6328995e+00   2.6975347e+00
   4.6328995e+00   6.9968140e+00
   4.6328995e+00   4.0804590e+00
   4.6328995e+00   5.7422413e+00
   4.6328995e+00   5.4314821e+00
   4.7440106e+00   7.6514295e+00
   4.8551217e+00   6.4442399e+00
   4.9662328e+00   4.9182180e+00
   4.9662328e+00   8.9852192e+00
   5.0773439e+00   7.1106000e+00
   5.1884550e+00   4.4155787e+00
   5.1884550e+00   3.8981679e+00
   5.2995661e+00   1.2683084e+00
   5.4106772e+00  -3.6540354e-01
   5.4106772e+00   2.7370102e+00
   5.4106772e+00   3.9117589e+00
   5.4106772e+00  -2.1258842e+00
   5.2995661e+00   1.4065140e+01
   5.2995661e+00   3.7461699e+00
   5.1884550e+00   7.9959452e+00
   5.0773439e+00   6.0886621e+00
   4.7440106e+00   2.5663931e+00
   4.4106772e+00   2.9507808e+00
   4.1884550e+00   8.5443265e+00
   3.9662328e+00   1.4589526e+01
   3.7440106e+00   4.0747739e+00
   3.7440106e+00   1.8910550e+00
   3.4106772e+00   6.5920779e+00
   3.1884550e+00  -3.1629111e+00
   3.0773439e+00   5.7178193e+00
   3.0773439e+00   5.5253774e+00
   3.0773439e+00   2.6810886e+00
   2.8551217e+00   6.0692119e+00
   2.6328995e+00   3.8081769e-01
   2.4106772e+00  -5.6707171e-01
   1.9662328e+00   1.0799103e+00
   1.7440106e+00  -4.6078700e+00
   1.5217883e+00  -3.8954712e-01
   1.2995661e+00  -2.7917579e+00
   1.0773439e+00  -1.7201202e+00
   8.5512168e-01   6.2692647e+00
   7.4401056e-01  -7.5584419e-01
   6.3289945e-01   1.0536963e+00
   6.3289945e-01  -7.2321345e-01
   6.3289945e-01  -2.3349510e+00
   7.4401056e-01   1.1850580e+00
   8.5512168e-01   4.9513892e+00
   9.6623279e-01  -3.7178181e+00
   9.6623279e-01   2.4274019e+00
   9.6623279e-01   5.0395219e+00
   9.6623279e-01   3.3247537e+00
   9.6623279e-01   4.8087523e+00
   8.5512168e-01  -8.6310728e-01
   8.5512168e-01  -3.6618003e+00
   7.4401056e-01   3.7614238e+00
   6.3289945e-01   4.1020450e+00
   5.2178834e-01  -4.1334807e+00
   4.1067723e-01  -4.5431351e+00
   4.1067723e-01  -7.0506277e-01
   2.9956612e-01  -1.8774327e+00
   1.8845501e-01   5.6091230e-01
   7.7343897e-02  -4.3460394e-01
  -3.3767214e-02  -5.6027565e+00
  -1.4487832e-01   4.5471300e+00
  -2.5598944e-01   7.5666506e+00
  -3.6710055e-01   8.9358068e-01
  -3.6710055e-01   3.2106454e+00
  -5.8932277e-01   3.4006016e-01
  -7.0043388e-01  -9.0771293e+00
  -8.1154499e-01   1.0051879e+00
  -1.0337672e+00   5.4438904e-01
  -1.2559894e+00  -1.4202238e+00
  -1.5893228e+00  -3.4377260e+00
  -1.9226561e+00   8.8546237e-01
  -2.2559894e+00  -7.2210469e+00
  -2.5893228e+00  -8.7025309e+00
  -2.7004339e+00   1.2455711e+00
  -2.8115450e+00  -4.5328544e-01
  -2.8115450e+00  -4.2170383e+00
  -2.5893228e+00  -2.0130216e+00
  -2.3671005e+00  -3.6550552e+00
  -1.9226561e+00  -3.2489164e+00
  -1.4782117e+00   4.0748271e-03
  -1.0337672e+00  -4.1112752e+00
  -5.8932277e-01  -6.2966691e+00
  -2.5598944e-01   2.0816020e+00
   1.8845501e-01  -3.5063740e-01
   5.2178834e-01  -2.1098682e+00
   8.5512168e-01   1.2283832e+00
   1.1884550e+00   4.3359173e+00
   1.4106772e+00   3.5323340e-01
   1.7440106e+00   8.1436681e-01
   2.0773439e+00  -3.6592336e+00
   2.5217883e+00   1.9060982e+00
   2.9662328e+00   5.5757289e+00
   3.4106772e+00   5.4600035e+00
   3.8551217e+00   5.2828481e+00
   4.2995661e+00   8.1000569e+00
   4.8551217e+00   7.1810927e+00
   5.4106772e+00   6.0896620e+00
   5.8551217e+00   5.8310549e+00
   6.2995661e+00   4.5356143e+00
   6.6328995e+00   9.1401219e+00
   6.9662328e+00   7.1888692e+00
   7.1884550e+00   1.0055816e+01
   7.2995661e+00   6.2184929e+00
   7.1884550e+00   9.9271940e+00
   7.0773439e+00   1.0994295e+01
   7.0773439e+00   4.9738200e+00
   7.0773439e+00  -1.0593490e+00
   6.9662328e+00   4.9694722e+00
   6.9662328e+00   1.4782742e+01
   6.9662328e+00   6.3909337e+00
   6.9662328e+00   7.7625158e+00
   7.1884550e+00   7.6353279e+00
   7.5217883e+00   8.2026937e+00
   7.7440106e+00   7.5147912e+00
   7.8551217e+00   9.0329344e+00
   7.8551217e+00   3.6734874e+00
   7.9662328e+00   1.1554780e+00
   7.9662328e+00   8.5753615e+00
   7.9662328e+00   9.8312876e+00
   7.9662328e+00   8.6989452e+00
   7.8551217e+00   1.4538938e+01
   7.8551217e+00   1.1684716e+01
   7.8551217e+00   9.9663937e+00
   7.8551217e+00   5.1983363e+00
   7.9662328e+00   8.4214604e+00
   7.9662328e+00   5.4254833e+00
   8.0773439e+00   1.1799232e+01
   8.1884550e+00   1.3594171e+01
   8.2995661e+00   5.4361509e+00
   8.4106772e+00   6.4933858e+00
   8.4106772e+00   1.2485139e+01
   8.5217883e+00   3.6634533e+00
   8.6328995e+00   9.4566209e+00
   8.6328995e+00   1.1767894e+01
   8.7440106e+00   4.9385085e+00
   8.8551217e+00   8.0527288e+00
   8.8551217e+00   1.3223861e+01
   8.8551217e+00   7.9558622e+00
   8.9662328e+00   4.9681931e+00
   8.9662328e+00   4.2568990e+00
   8.8551217e+00   1.0945552e+01
   8.7440106e+00   8.5826651e+00
   8.7440106e+00   5.2052066e+00
   8.7440106e+00   1.3297324e+01
   8.5217883e+00   1.0075644e+01
   8.4106772e+00   9.0253356e+00
   8.2995661e+00   8.6049874e+00
   7.9662328e+00   6.3299288e+00
   7.8551217e+00   7.1736100e+00
   7.6328995e+00   6.2166579e+00
   7.4106772e+00   1.4567514e+00
   7.1884550e+00   7.4693078e+00
   6.9662328e+00   5.0425201e+00
   6.8551217e+00   9.6530789e+00
   6.6328995e+00   4.4240320e+00
   6.4106772e+00   7.3417329e+00
   6.2995661e+00   3.1839157e+00
   6.0773439e+00   5.3112350e+00
   5.9662328e+00   4.3432632e+00
   5.8551217e+00   5.9760093e+00
   5.7440106e+00   6.5943322e-01
   5.5217883e+00   2.3553642e+00
   5.2995661e+00   6.0840505e+00
   5.1884550e+00   3.9626322e+00
   4.9662328e+00   7.4463693e+00
   4.7440106e+00   3.1269911e+00
   4.5217883e+00   2.4404310e+00
   4.2995661e+00   5.3790061e+00
   4.0773439e+00   1.6992430e-01
   3.8551217e+00   3.6879334e+00
   3.7440106e+00   9.0746729e+00
   3.6328995e+00   2.2581652e+00
   3.6328995e+00   5.0478965e-01
   3.6328995e+00   4.2819719e+00
   3.6328995e+00   6.1827290e+00
   3.6328995e+00   4.1205241e+00
   3.6328995e+00   9.1575890e+00
   3.5217883e+00   5.9006666e+00
   3.4106772e+00   7.3264665e+00
   3.2995661e+00   3.2736377e+00
   3.1884550e+00   4.0236218e-01
   2.9662328e+00  -1.7530964e-01
   2.8551217e+00   4.4757199e+00
   2.7440106e+00   1.0020103e+01
   2.5217883e+00   3.8445700e+00
   2.2995661e+00   5.3413077e+00
   2.1884550e+00  -1.3354550e+00
   2.0773439e+00   1.7115831e+00
   2.0773439e+00   3.8927881e-01
   2.0773439e+00  -4.8852355e-01
   1.9662328e+00  -1.7168627e+00
   1.9662328e+00   4.9716189e-01
   1.9662328e+00   5.2535681e+00
   2.0773439e+00   6.6408952e+00
   2.2995661e+00  -4.7183444e-01
   2.4106772e+00  -2.4029735e+00
   2.5217883e+00   4.7048491e-01
   2.5217883e+00   1.9915081e+00
   2.5217883e+00   8.2156711e+00
   2.7440106e+00   1.4678604e+00
   2.8551217e+00  -1.1558798e+00
   2.8551217e+00   7.4112763e+00
   2.8551217e+00   1.9403219e+00
   2.7440106e+00  -1.7541875e+00
   2.7440106e+00   6.7385723e+00
   2.7440106e+00   1.8569883e+00
   2.7440106e+00  -4.3859653e+00
   2.7440106e+00   9.4974582e-01
   2.6328995e+00   5.5349813e+00
   2.5217883e+00  -2.6571980e-01
   2.5217883e+00   1.6158649e+00
   2.5217883e+00   4.4101586e+00
   2.5217883e+00  -4.6051966e-01
   2.5217883e+00   5.7565622e+00
   2.5217883e+00   2.8566334e+00
   2.5217883e+00   2.4918922e+00
   2.6328995e+00   4.8228536e-01
   2.7440106e+00   6.4392142e+00
   2.8551217e+00  -3.7222518e+00
   2.9662328e+00  -1.9542503e+00
   3.0773439e+00   6.7033387e+00
   3.2995661e+00   3.6288694e+00
   3.4106772e+00   1.7729437e+00
   3.5217883e+00   6.2942792e+00
   3.7440106e+00   5.2492844e+00
   3.8551217e+00   1.3143093e+01
   4.0773439e+00   5.1120152e+00
   4.2995661e+00   6.6994057e+00
   4.4106772e+00   6.1755808e+00
   4.4106772e+00   7.6371908e+00
   4.2995661e+00   8.1324298e+00
   4.2995661e+00   2.2989919e+00
   4.2995661e+00   4.2471614e+00
   4.1884550e+00   6.3443769e+00
   3.9662328e+00   4.3856914e+00
   3.6328995e+00   1.3197418e+00
   3.4106772e+00   4.8567858e+00
   3.2995661e+00   5.2806838e+00
   3.2995661e+00   3.5949484e+00
   3.2995661e+00   3.8334009e+00
   3.2995661e+00   6.6543227e+00
   3.1884550e+00   7.6879847e-01
   3.1884550e+00   1.2304072e+01
   3.2995661e+00   1.0084809e+01
   3.4106772e+00   6.8886727e+00
   3.4106772e+00   2.6118285e+00
   3.4106772e+00   3.6274325e+00
   3.4106772e+00   9.4319789e-01
   3.4106772e+00   5.7741553e+00
   3.5217883e+00   1.6537164e+00
   3.6328995e+00  -9.0894416e-01
   3.6328995e+00   7.2879951e+00
   3.6328995e+00   8.9112333e+00
   3.6328995e+00  -2.8688987e+00
   3.6328995e+00   2.5465968e+00
   3.6328995e+00   4.3777322e+00
   3.6328995e+00   3.2799583e+00
   3.6328995e+00   5.0343209e+00
   3.5217883e+00   6.4675392e+00
   3.6328995e+00   5.6125395e+00
   3.7440106e+00   1.0840102e+01
   3.9662328e+00   7.9695325e+00
   4.0773439e+00   1.6548972e+00
   4.1884550e+00   1.4838194e+00
   4.2995661e+00   7.5189964e+00
   4.2995661e+00   2.6632719e+00
   4.2995661e+00   5.9921066e+00
   4.2995661e+00   7.6233300e-01
   4.1884550e+00   4.1342529e+00
   4.0773439e+00   4.7134730e+00
   3.7440106e+00   6.6649929e+00
   3.5217883e+00   2.2030632e+00
   3.1884550e+00  -2.5642494e+00
   2.8551217e+00   2.3338033e+00
   2.6328995e+00   4.0841244e+00
   2.2995661e+00  -1.5145479e+00
   1.9662328e+00   4.1081682e+00
   1.7440106e+00   4.1378645e+00
   1.4106772e+00  -3.3818374e+00
   1.2995661e+00   3.3664658e-02
   1.2995661e+00   3.1789500e+00
   1.4106772e+00   2.7611184e+00
   1.4106772e+00   3.7379962e+00
   1.5217883e+00   4.1065029e-01
   1.7440106e+00   2.5189916e+00
   1.9662328e+00   3.5336548e+00
   2.0773439e+00   4.9513946e+00
   2.4106772e+00   2.0833698e+00
   2.7440106e+00  -3.8343861e-01
   2.9662328e+00   4.9422740e+00
   3.1884550e+00   1.7234666e+00
   3.6328995e+00   4.7743571e+00
   3.9662328e+00   1.9757266e+00
   4.2995661e+00   4.9202837e+00
   4.6328995e+00   2.4429409e+00
   4.8551217e+00   9.2038470e+00
   4.9662328e+00   1.7238701e+00
   4.9662328e+00   4.9027782e+00
   5.0773439e+00   6.2452104e+00
   5.1884550e+00   2.6508593e+00
   5.1884550e+00   9.9291383e+00
   5.2995661e+00   9.1362288e+00
   5.1884550e+00   1.4279625e+00
   5.1884550e+00   6.1287833e+00
   5.4106772e+00   3.6312405e+00
   5.6328995e+00   1.0559077e+01
   5.7440106e+00  -4.8164797e+00
   5.9662328e+00   1.0540758e+00
   6.0773439e+00   1.0184547e+01
   6.1884550e+00   2.7823546e+00
   6.2995661e+00   2.7525626e+00
   6.6328995e+00   7.3995054e+00
   6.8551217e+00   3.2146061e+00
   6.9662328e+00   5.8711327e+00
   7.0773439e+00   9.5249252e+00
   7.4106772e+00   1.2066372e+01
   7.4106772e+00   1.0235980e+01
   7.5217883e+00   1.1313986e+01
   7.7440106e+00   8.2573161e+00
   7.7440106e+00   4.4362154e+00
   7.7440106e+00   1.1097960e+01
   7.7440106e+00   4.0671587e+00
   7.7440106e+00   7.1902515e+00
   7.5217883e+00   5.9879316e+00
   7.4106772e+00   1.0416551e+01
   7.4106772e+00   3.9850050e+00
   7.5217883e+00   8.9586927e+00
   7.4106772e+00   8.8608062e+00
   7.5217883e+00   4.4583628e+00
   7.6328995e+00   6.4120997e+00
   7.6328995e+00   4.3297570e+00
   7.6328995e+00   1.0829604e+01
   7.8551217e+00   9.7987919e+00
   7.8551217e+00   6.5486144e+00
   7.8551217e+00   1.0044578e+01
   7.7440106e+00   1.0801461e+01
   7.7440106e+00   4.1949973e+00
   7.6328995e+00   8.3633377e+00
   7.5217883e+00   9.6304141e+00
   7.6328995e+00   1.1620632e+01
   7.6328995e+00   7.2045835e+00
   7.6328995e+00   1.1573203e+01
   7.7440106e+00   1.1590463e+01
   7.7440106e+00   9.4021159e+00
   7.7440106e+00  -3.5092109e-01
   7.7440106e+00   5.2212329e+00
   7.7440106e+00   4.3013877e+00
   7.7440106e+00   4.1582080e+00
   7.6328995e+00   6.4264942e+00
   7.6328995e+00   2.3471062e+00
   7.5217883e+00   1.0639563e+01
   7.2995661e+00   6.7934101e+00
   7.1884550e+00   1.4551781e+01
   6.9662328e+00   7.2516745e+00
   6.7440106e+00   1.0981594e+01
   6.5217883e+00   1.0055720e+01
   6.1884550e+00   1.4842895e+00
   5.7440106e+00   6.5242462e+00
   5.4106772e+00   4.9473620e+00
   5.2995661e+00   7.4117706e+00
   5.1884550e+00   5.2159198e+00
   5.0773439e+00   6.0225159e+00
   5.0773439e+00   1.0044165e+00
   5.0773439e+00   1.9940499e+00
   4.9662328e+00   9.1173597e+00
   4.9662328e+00   5.4685379e+00
   5.0773439e+00   1.7003160e+00
   4.9662328e+00   1.0732308e+01
   4.7440106e+00   5.5375969e+00
   4.5217883e+00   5.0910495e+00
   4.2995661e+00   2.1842579e+00
   4.0773439e+00   4.2367592e+00
   3.8551217e+00   3.9383511e+00
   3.7440106e+00   2.5283392e+00
   3.6328995e+00   7.8540536e+00
   3.5217883e+00   8.4226824e-01
   3.5217883e+00   8.5769908e+00
   3.5217883e+00   2.2864276e+00
   3.5217883e+00  -1.4100448e+00
   3.5217883e+00   3.9606023e+00
   3.5217883e+00   1.0235490e+01
   3.5217883e+00  -1.9904440e+00
   3.5217883e+00   1.4968308e+00
   3.5217883e+00   6.9823057e+00
   3.5217883e+00   5.3505098e+00
   3.5217883e+00   1.0348788e+01
   3.5217883e+00   4.4068731e+00
   3.6328995e+00   6.7102574e+00
   3.7440106e+00   3.3374900e+00
   3.7440106e+00   4.7766530e+00
   3.8551217e+00   5.5357526e+00
   3.9662328e+00   1.4223669e+00
   3.9662328e+00  -2.3174758e-01
   3.9662328e+00   3.9735355e+00
   4.0773439e+00   7.7034489e-01
   4.1884550e+00   4.5267376e+00
   4.1884550e+00   4.4654016e+00
   4.1884550e+00   9.8761436e-02
   4.2995661e+00   1.0995161e+00
   4.2995661e+00   5.0135903e+00
   4.2995661e+00   6.8518731e+00
   4.4106772e+00   3.7527654e+00
   4.5217883e+00   4.3583120e+00
   4.5217883e+00   5.0432453e+00
   4.5217883e+00   7.8682669e+00
   4.5217883e+00   1.8558633e+00
   4.4106772e+00   7.9550565e+00
   4.2995661e+00   8.6330507e+00
   4.2995661e+00   3.7689391e+00
   4.1884550e+00   1.0136637e+01
   4.1884550e+00   1.4558208e+00
   4.1884550e+00   1.0882622e+01
   4.0773439e+00   4.7216368e-01
   4.0773439e+00  -8.1290375e-02
   4.0773439e+00   4.1315422e+00
   4.1884550e+00   2.3177157e+00
   4.2995661e+00   3.4126968e-01
   4.2995661e+00   2.1299788e+00
   4.4106772e+00   1.5367604e+00
   4.4106772e+00   7.1604627e+00
   4.4106772e+00   7.9972729e+00
   4.5217883e+00   4.4647369e+00
   4.5217883e+00  -2.9178570e+00
   4.5217883e+00   4.1190328e+00
   4.4106772e+00   1.0229606e+01
   4.4106772e+00   4.2782077e+00
   4.4106772e+00   3.0577303e+00
   4.4106772e+00   8.4118060e+00
   4.4106772e+00   4.2408909e+00
   4.4106772e+00   2.2988259e+00
   4.5217883e+00   6.6426606e+00
   4.6328995e+00   7.5520473e+00
   4.7440106e+00   5.7494578e+00
   4.8551217e+00   8.6355981e+00
   4.9662328e+00   3.0344703e+00
   5.0773439e+00   1.8604419e+00
   5.1884550e+00   6.6825069e+00
   5.2995661e+00   2.9984250e+00
   5.4106772e+00   5.3312062e+00
   5.4106772e+00   1.1920988e+01
   5.4106772e+00   2.8927786e+00
   5.4106772e+00   4.6468825e+00
   5.5217883e+00   6.8498641e+00
   5.5217883e+00   1.2482190e+01
   5.5217883e+00   5.8428124e+00
   5.4106772e+00   1.0294849e+01
   5.2995661e+00   9.9234609e+00
