   4.2603810e+02   4.5869528e+02
   4.2711748e+02   3.8293330e+02
   4.2789533e+02   2.9268319e+02
   4.2789533e+02   4.8847937e+02
   4.2789533e+02   5.0664541e+02
   4.2664272e+02   4.8052350e+02
   4.2541972e+02   3.1630078e+02
   4.2445573e+02   3.8825748e+02
   4.2313923e+02   5.5859360e+02
   4.2217781e+02   4.7375581e+02
   4.2170479e+02   3.6192475e+02
   4.2046611e+02   3.8781845e+02
   4.1916545e+02   4.2602702e+02
   4.1769616e+02   4.0088093e+02
   4.1592325e+02   3.4219017e+02
   4.1372420e+02   5.2140152e+02
   4.1215758e+02   4.8357278e+02
   4.1077035e+02   4.1653731e+02
   4.0914187e+02   4.6643300e+02
   4.0791975e+02   3.7887935e+02
   4.0697672e+02   4.2407059e+02
   4.0611038e+02   3.8930631e+02
   4.0494813e+02   3.3721296e+02
   4.0408234e+02   4.6199508e+02
   4.0280323e+02   3.9605601e+02
   4.0121585e+02   4.3987205e+02
   3.9926686e+02   4.3723676e+02
   3.9696677e+02   3.9247839e+02
   3.9463736e+02   4.5702448e+02
   3.9236019e+02   4.2846805e+02
   3.9047532e+02   4.5033723e+02
   3.8874495e+02   4.5083805e+02
   3.8709604e+02   3.4864862e+02
   3.8535931e+02   2.9849760e+02
   3.8325932e+02   4.3921051e+02
   3.8055148e+02   4.3230361e+02
   3.7814996e+02   4.0409899e+02
   3.7574987e+02   3.2176368e+02
   3.7336070e+02   3.6910358e+02
   3.7085897e+02   4.0642738e+02
   3.6899982e+02   3.8191550e+02
   3.6670401e+02   4.2006754e+02
   3.6532454e+02   3.4280913e+02
   3.6377776e+02   3.8946546e+02
   3.6214830e+02   3.6477119e+02
   3.6033014e+02   4.1674950e+02
   3.5840879e+02   2.4724583e+02
   3.5607045e+02   2.8745196e+02
   3.5397731e+02   4.2480128e+02
   3.5208360e+02   4.3268853e+02
   3.5149242e+02   2.6731766e+02
   3.5116089e+02   2.8944070e+02
   3.5116089e+02   2.3939063e+02
   3.5101826e+02   3.8393831e+02
   3.5099310e+02   3.3296658e+02
   3.5099310e+02   2.9597552e+02
   3.5099310e+02   3.2375606e+02
   3.5099310e+02   3.2387002e+02
   3.5189344e+02   2.4239011e+02
   3.5266297e+02   2.7093010e+02
   3.5438083e+02   4.0232594e+02
   3.5657417e+02   3.7224198e+02
   3.5821132e+02   3.8896758e+02
   3.5853087e+02   3.8620665e+02
   3.5853087e+02   3.7641024e+02
   3.5853087e+02   3.3470463e+02
   3.5750452e+02   2.6671748e+02
   3.5653004e+02   3.3824278e+02
   3.5586996e+02   3.6644935e+02
   3.5426850e+02   3.1808089e+02
   3.5370937e+02   2.4796761e+02
   3.5220140e+02   3.3183140e+02
   3.5077827e+02   3.0517244e+02
   3.4891447e+02   3.4146794e+02
   3.4798897e+02   3.4096957e+02
   3.4617258e+02   3.4369485e+02
   3.4473391e+02   2.8924842e+02
   3.4315301e+02   2.6815125e+02
   3.4288005e+02   2.3884616e+02
   3.4143272e+02   4.3165482e+02
   3.3977880e+02   2.7633342e+02
   3.3945101e+02   1.9707725e+02
   3.3917430e+02   3.3927820e+02
   3.3917430e+02   3.8092913e+02
   3.3917430e+02   2.7246678e+02
   3.4044423e+02   3.1890238e+02
   3.4053390e+02   3.6983086e+02
   3.4246577e+02   3.4813629e+02
   3.4386815e+02   3.7544803e+02
   3.4639254e+02   2.7597319e+02
   3.4839056e+02   4.3435372e+02
   3.5109477e+02   4.1322021e+02
   3.5187931e+02   3.5800877e+02
   3.5250268e+02   3.2248192e+02
   3.5250268e+02   3.0884973e+02
   3.5250268e+02   3.0805437e+02
   3.5232291e+02   3.1874202e+02
   3.5181044e+02   3.8954731e+02
   3.5096564e+02   4.0389976e+02
   3.5028416e+02   3.7350902e+02
   3.4929197e+02   3.9997817e+02
   3.4688484e+02   3.6930897e+02
   3.4491038e+02   3.3127773e+02
   3.4252032e+02   3.2702905e+02
   3.3995906e+02   3.7448879e+02
   3.3789659e+02   3.0791154e+02
   3.3673824e+02   3.5332611e+02
   3.3525667e+02   3.1667022e+02
   3.3374726e+02   2.6601585e+02
   3.3267786e+02   3.1274613e+02
   3.3181868e+02   3.1185501e+02
   3.3074004e+02   3.4805443e+02
   3.3035516e+02   3.8625856e+02
   3.2899202e+02   3.4524248e+02
   3.2725520e+02   3.4099121e+02
   3.2533124e+02   3.4437623e+02
   3.2442936e+02   3.2642277e+02
   3.2442936e+02   3.6403407e+02
   3.2442936e+02   3.0768102e+02
   3.2444582e+02   3.3866943e+02
   3.2632941e+02   2.8297875e+02
   3.2734621e+02   3.4564000e+02
   3.2734621e+02   2.7985480e+02
   3.2734621e+02   3.9469393e+02
   3.2710304e+02   2.6600313e+02
   3.2557957e+02   3.1211213e+02
   3.2365229e+02   3.0674145e+02
   3.2172327e+02   3.4145136e+02
   3.2010927e+02   2.4097770e+02
   3.1968636e+02   2.6978696e+02
   3.1888084e+02   3.8151051e+02
   3.1765635e+02   4.5116109e+02
   3.1630843e+02   3.3176855e+02
   3.1466002e+02   2.0863271e+02
   3.1205671e+02   3.1128777e+02
   3.0965981e+02   3.3825046e+02
   3.0800388e+02   2.4898265e+02
   3.0585838e+02   4.0734016e+02
   3.0375683e+02   3.2568020e+02
   3.0166514e+02   3.6123429e+02
   3.0021014e+02   2.9071699e+02
   2.9873918e+02   3.1303777e+02
   2.9794024e+02   4.1074230e+02
   2.9692197e+02   2.2081806e+02
   2.9687910e+02   2.5489920e+02
   2.9509211e+02   2.3679088e+02
   2.9377566e+02   3.1966821e+02
   2.9211379e+02   2.9038895e+02
   2.9095493e+02   3.1140810e+02
   2.8925893e+02   3.6720882e+02
   2.8903509e+02   2.2460461e+02
   2.8762028e+02   3.3430734e+02
   2.8697492e+02   2.0084084e+02
   2.8596629e+02   3.3630623e+02
   2.8468710e+02   1.7595665e+02
   2.8318726e+02   3.0340734e+02
   2.8237069e+02   3.1181580e+02
   2.8114387e+02   3.5726795e+02
   2.7984390e+02   2.9265291e+02
   2.7961823e+02   3.3340792e+02
   2.7940088e+02   2.7344499e+02
   2.7928545e+02   2.0451882e+02
   2.7849340e+02   1.5327626e+02
   2.7800842e+02   3.8102259e+02
   2.7678454e+02   3.5801367e+02
   2.7551845e+02   3.0594719e+02
   2.7315821e+02   2.7684987e+02
   2.7162896e+02   2.3604067e+02
   2.7017533e+02   2.9628834e+02
   2.6940473e+02   2.3784833e+02
   2.6823824e+02   2.7630127e+02
   2.6810111e+02   2.6173137e+02
   2.6775757e+02   4.0054261e+02
   2.6714347e+02   1.8064311e+02
   2.6622287e+02   3.0228067e+02
   2.6528790e+02   3.2316194e+02
   2.6394764e+02   2.4675847e+02
   2.6332452e+02   3.9217770e+02
   2.6256702e+02   2.4994151e+02
   2.6062200e+02   2.7610136e+02
   2.6013801e+02   3.5471482e+02
   2.6013801e+02   3.2662970e+02
   2.6013801e+02   2.0490950e+02
   2.6013801e+02   3.2933971e+02
   2.6030334e+02   2.5894934e+02
   2.6030334e+02   2.7973339e+02
   2.6030334e+02   2.5690109e+02
   2.5852907e+02   1.9419478e+02
   2.5726822e+02   1.6391573e+02
   2.5618642e+02   2.0210112e+02
   2.5506652e+02   2.4850486e+02
   2.5428894e+02   1.8465754e+02
   2.5359133e+02   2.8287896e+02
   2.5334834e+02   2.8162410e+02
   2.5305159e+02   2.8140154e+02
   2.5274690e+02   1.7159487e+02
   2.5117998e+02   2.7561626e+02
   2.5055696e+02   1.4824876e+02
   2.4901512e+02   2.2306988e+02
   2.4777318e+02   2.5274557e+02
   2.4596280e+02   3.4607811e+02
   2.4584004e+02   2.4991094e+02
   2.4464771e+02   2.8185915e+02
   2.4445279e+02   3.3353778e+02
   2.4373384e+02   2.2450992e+02
   2.4347855e+02   2.2861424e+02
   2.4345255e+02   3.4204014e+02
   2.4292118e+02   2.3287958e+02
   2.4200087e+02   3.2014263e+02
   2.4102152e+02   2.6705707e+02
   2.4007057e+02   2.5376972e+02
   2.3904351e+02   2.6724159e+02
   2.3904351e+02   2.8584480e+02
   2.3900691e+02   9.7881143e+01
   2.3895972e+02   1.8781628e+02
   2.3862272e+02   2.2366560e+02
   2.3813556e+02   2.1666803e+02
   2.3774506e+02   1.8538319e+02
   2.3677485e+02   1.9203274e+02
   2.3526752e+02   1.9324344e+02
   2.3472177e+02   2.5163951e+02
   2.3338327e+02   1.7186081e+02
   2.3181926e+02   1.8452774e+02
   2.3112606e+02   1.7368740e+02
   2.3071270e+02   2.7775265e+02
   2.3049532e+02   1.1311051e+02
   2.3026611e+02   2.7322911e+02
   2.3001623e+02   2.5407420e+02
   2.2997813e+02   2.5250434e+02
   2.2965380e+02   1.7516491e+02
   2.2848409e+02   2.7002640e+02
   2.2803636e+02   2.9324768e+02
   2.2784671e+02   2.1982819e+02
   2.2784374e+02   2.2261433e+02
   2.2760362e+02   2.5171041e+02
   2.2754562e+02   2.2861215e+02
   2.2733246e+02   2.1092773e+02
   2.2678097e+02   2.0725343e+02
   2.2678097e+02   1.6514073e+02
   2.2678097e+02   2.7542740e+02
   2.2691830e+02   1.7109077e+02
   2.2752606e+02   2.3321680e+02
   2.2770696e+02   2.4058326e+02
   2.2770696e+02   2.4356991e+02
   2.2770696e+02   2.8571062e+02
   2.2656865e+02   1.3752311e+02
   2.2466569e+02   2.5113293e+02
   2.2304140e+02   1.7949658e+02
   2.2206517e+02   1.4730578e+02
   2.2120222e+02   2.2804405e+02
   2.2120222e+02   2.1315081e+02
   2.2120222e+02   3.0795339e+02
   2.2144093e+02   1.5441302e+02
   2.2144093e+02   3.4128672e+02
   2.2144997e+02   2.1079261e+02
   2.2144997e+02   2.4281613e+02
   2.2144997e+02   2.1706398e+02
   2.2144997e+02   1.8470916e+02
   2.2226708e+02   2.3407708e+02
   2.2260275e+02   2.5121057e+02
   2.2356220e+02   2.9331254e+02
   2.2402337e+02   2.1680225e+02
   2.2515251e+02   2.4977731e+02
   2.2595113e+02   2.1756490e+02
   2.2757651e+02   3.1802999e+02
   2.2807399e+02   2.2758902e+02
   2.2807399e+02   1.9300538e+02
   2.2807399e+02   1.5689708e+02
   2.2768494e+02   3.6172921e+02
   2.2653208e+02   2.4428674e+02
   2.2610455e+02   1.9067550e+02
   2.2598935e+02   2.5807077e+02
   2.2598935e+02   2.1932787e+02
   2.2598935e+02   1.7043723e+02
   2.2621977e+02   1.8201607e+02
   2.2666884e+02   1.7377101e+02
   2.2688231e+02   2.9241948e+02
   2.2688231e+02   2.4600818e+02
   2.2688231e+02   2.2632527e+02
   2.2677932e+02   2.2950738e+02
   2.2677932e+02   2.6233314e+02
   2.2677932e+02   1.1615205e+02
   2.2696374e+02   1.0343170e+02
   2.2737145e+02   1.9780789e+02
   2.2759449e+02   1.5684462e+02
   2.2763117e+02   2.9014746e+02
   2.2769736e+02   2.0958318e+02
   2.2769736e+02   1.4356319e+02
   2.2781087e+02   1.2645984e+02
   2.2814648e+02   2.0814959e+02
   2.2836886e+02   2.8703860e+02
   2.2849055e+02   8.9145143e+01
   2.2853369e+02   1.8123722e+02
   2.2894265e+02   2.0645502e+02
   2.2896996e+02   3.0436128e+02
   2.2981826e+02   3.1311441e+02
   2.3044048e+02   2.4547859e+02
   2.3052414e+02   2.9070198e+02
   2.3275881e+02   2.0703687e+02
   2.3459656e+02   1.5841353e+02
   2.3536537e+02   2.3100164e+02
   2.3599494e+02   2.9848236e+02
   2.3773311e+02   3.4220627e+02
   2.3802649e+02   2.2820427e+02
   2.3809268e+02   2.0117317e+02
   2.3882348e+02   2.1032654e+02
   2.4016037e+02   1.6688674e+02
   2.4103785e+02   2.5726975e+02
   2.4223236e+02   2.8242912e+02
   2.4272209e+02   2.6075813e+02
   2.4417915e+02   2.4446983e+02
   2.4529267e+02   2.3593113e+02
   2.4572273e+02   2.4376217e+02
   2.4648383e+02   2.6682864e+02
   2.4679897e+02   2.5159431e+02
   2.4698515e+02   2.0327720e+02
   2.4698515e+02   1.5325542e+02
   2.4704952e+02   2.0085025e+02
   2.4711101e+02   1.6997273e+02
   2.4779407e+02   2.2098696e+02
   2.4843758e+02   3.1196130e+02
   2.4985532e+02   1.9001537e+02
   2.5096687e+02   2.3622149e+02
   2.5220416e+02   4.2002404e+02
   2.5222970e+02   2.5651515e+02
   2.5290474e+02   1.7816003e+02
   2.5298553e+02   2.6706308e+02
   2.5316197e+02   2.0527040e+02
   2.5332020e+02   2.0604243e+02
   2.5332020e+02   2.0410782e+02
   2.5332020e+02   2.6860588e+02
   2.5321470e+02   3.3179722e+02
   2.5321470e+02   2.4179556e+02
   2.5321470e+02   2.3006557e+02
   2.5344137e+02   2.8746913e+02
   2.5345510e+02   2.0113611e+02
   2.5348819e+02   2.4946863e+02
   2.5357794e+02   2.2058385e+02
   2.5358512e+02   3.0308781e+02
   2.5388921e+02   2.3141236e+02
   2.5435115e+02   1.8516273e+02
   2.5532952e+02   1.7981586e+02
   2.5555273e+02   2.8467832e+02
   2.5555273e+02   2.6282331e+02
   2.5555273e+02   2.0943040e+02
   2.5553163e+02   2.0749604e+02
   2.5479527e+02   2.0848543e+02
   2.5479527e+02   2.8308369e+02
   2.5479527e+02   2.1159914e+02
   2.5641004e+02   2.9537210e+02
   2.5682639e+02   2.5602822e+02
   2.5765276e+02   2.8268180e+02
   2.5765276e+02   2.3628610e+02
   2.5773157e+02   2.8196198e+02
   2.5779807e+02   3.3245114e+02
   2.5915104e+02   2.7583888e+02
   2.6139494e+02   3.8804088e+02
   2.6394988e+02   2.9161173e+02
   2.6619732e+02   2.7964618e+02
   2.6813101e+02   3.1290891e+02
   2.6891439e+02   3.4159049e+02
   2.6941477e+02   2.2740894e+02
   2.7003585e+02   1.4227434e+02
   2.7118160e+02   3.0190818e+02
   2.7181528e+02   2.5383144e+02
   2.7289137e+02   3.7173194e+02
   2.7447725e+02   2.7905676e+02
   2.7613221e+02   3.2478190e+02
   2.7791612e+02   3.3357910e+02
   2.7996583e+02   3.1949100e+02
   2.8165866e+02   2.5193726e+02
   2.8360826e+02   3.0222469e+02
   2.8474549e+02   3.0508017e+02
   2.8614872e+02   3.1490092e+02
   2.8743801e+02   3.0896723e+02
   2.8868174e+02   2.8760725e+02
   2.8942943e+02   3.3404155e+02
   2.9114423e+02   2.8087831e+02
   2.9244365e+02   2.5152373e+02
   2.9456600e+02   3.1803814e+02
   2.9622572e+02   2.2492061e+02
   2.9844541e+02   2.4307047e+02
   3.0087589e+02   3.4992429e+02
   3.0328460e+02   2.2128407e+02
   3.0525364e+02   2.1113540e+02
   3.0794610e+02   3.7030462e+02
   3.0977178e+02   3.5551659e+02
   3.1135606e+02   3.4524052e+02
   3.1270130e+02   3.4008687e+02
   3.1425592e+02   3.8168151e+02
   3.1564157e+02   3.5450914e+02
   3.1737156e+02   3.4913967e+02
   3.1878727e+02   2.5998758e+02
   3.2112819e+02   3.2222929e+02
   3.2239768e+02   3.2307438e+02
   3.2456191e+02   2.7020005e+02
   3.2585864e+02   2.8757783e+02
   3.2716561e+02   3.7288861e+02
   3.2765256e+02   3.2232941e+02
   3.2931434e+02   3.1224221e+02
   3.3027672e+02   3.1050038e+02
   3.3160566e+02   3.5955375e+02
   3.3307479e+02   3.7477348e+02
   3.3540272e+02   2.2608916e+02
   3.3770688e+02   4.1793518e+02
   3.4030139e+02   3.8911117e+02
   3.4269465e+02   3.9681266e+02
   3.4517499e+02   3.8225810e+02
   3.4778671e+02   3.0651139e+02
   3.4930233e+02   3.5349622e+02
   3.5062680e+02   3.0338460e+02
   3.5276933e+02   2.7619910e+02
   3.5502470e+02   4.5980374e+02
   3.5641200e+02   3.3734887e+02
   3.5906601e+02   3.2251314e+02
   3.6188301e+02   4.1588555e+02
   3.6374677e+02   3.7963883e+02
   3.6503645e+02   3.4529868e+02
   3.6741605e+02   3.7119419e+02
   3.7002005e+02   4.2127305e+02
   3.7211232e+02   4.2759261e+02
   3.7454705e+02   3.8213451e+02
   3.7748625e+02   4.1006835e+02
   3.7955379e+02   3.8381579e+02
   3.8021645e+02   2.9547795e+02
   3.8132356e+02   4.5494757e+02
   3.8332041e+02   3.5677582e+02
   3.8511994e+02   4.8827110e+02
   3.8728250e+02   4.5536671e+02
   3.8994368e+02   4.1325753e+02
   3.9255420e+02   4.4137608e+02
   3.9461665e+02   4.2286071e+02
   3.9663120e+02   3.6834941e+02
   3.9843202e+02   3.6338492e+02
   4.0103503e+02   3.9185823e+02
   4.0322947e+02   3.8166345e+02
   4.0545621e+02   4.6589511e+02
   4.0813080e+02   3.0366935e+02
   4.1056480e+02   4.2521077e+02
   4.1231648e+02   3.8771214e+02
   4.1429284e+02   4.3625641e+02
   4.1654331e+02   4.4031459e+02
   4.1917501e+02   3.9213388e+02
   4.2131341e+02   4.7000792e+02
   4.2439045e+02   4.8666618e+02
   4.2693139e+02   4.6143673e+02
   4.2724483e+02   4.4520799e+02
   4.2724483e+02   4.2298423e+02
   4.2724483e+02   3.9840602e+02
   4.2675845e+02   5.2115100e+02
   4.2675845e+02   3.3393109e+02
   4.2675845e+02   4.7584978e+02
   4.2699854e+02   3.9435565e+02
   4.2738266e+02   4.0954296e+02
   4.2879822e+02   4.2483235e+02
   4.3063583e+02   4.2748832e+02
   4.3296600e+02   4.7752875e+02
   4.3540439e+02   4.8167020e+02
   4.3806934e+02   3.4985358e+02
   4.4006693e+02   4.6455356e+02
   4.4235765e+02   5.0032379e+02
   4.4398314e+02   4.8396072e+02
   4.4572190e+02   4.2970900e+02
   4.4762644e+02   4.6413035e+02
   4.4943019e+02   4.3172968e+02
   4.5044591e+02   4.4216451e+02
   4.5217679e+02   4.6957285e+02
   4.5244274e+02   3.9112355e+02
   4.5388149e+02   4.5347288e+02
   4.5549519e+02   3.7095807e+02
   4.5678908e+02   5.0900026e+02
   4.5741101e+02   5.0215293e+02
   4.5946493e+02   5.3356188e+02
   4.5990026e+02   4.1709470e+02
   4.6046009e+02   4.8521486e+02
   4.6192048e+02   5.1708025e+02
   4.6365236e+02   5.1197557e+02
   4.6529926e+02   4.5344453e+02
   4.6717468e+02   5.0280481e+02
   4.6766090e+02   4.0777726e+02
   4.6835790e+02   5.1504868e+02
   4.6986178e+02   4.2689617e+02
   4.7109485e+02   4.5628467e+02
   4.7224167e+02   4.0239541e+02
   4.7449210e+02   4.5679134e+02
   4.7627632e+02   4.7245181e+02
   4.7775058e+02   5.1984889e+02
   4.7875627e+02   5.1235835e+02
   4.8054393e+02   4.4051158e+02
   4.8184234e+02   5.4022654e+02
   4.8291176e+02   4.8403562e+02
   4.8363176e+02   4.1250258e+02
   4.8472357e+02   4.4299936e+02
   4.8473539e+02   4.6599231e+02
   4.8567810e+02   5.1075939e+02
   4.8680035e+02   4.8802061e+02
   4.8719262e+02   4.1874661e+02
   4.8817380e+02   5.2613851e+02
   4.8879137e+02   4.6940066e+02
   4.8926393e+02   5.0977778e+02
   4.8942671e+02   4.5286754e+02
   4.8942671e+02   5.0989639e+02
   4.8971486e+02   4.5812087e+02
   4.8971486e+02   4.5354734e+02
   4.8971486e+02   5.2801559e+02
   4.8995298e+02   4.7335300e+02
   4.9193418e+02   4.0565969e+02
   4.9309489e+02   4.2805515e+02
   4.9459476e+02   4.4831915e+02
   4.9537887e+02   5.2976614e+02
   4.9576277e+02   4.8217915e+02
   4.9578271e+02   5.2793351e+02
   4.9578271e+02   4.8163307e+02
   4.9578271e+02   5.1150146e+02
   4.9578271e+02   4.4230995e+02
   4.9578271e+02   5.3393690e+02
   4.9594481e+02   5.4697659e+02
   4.9644203e+02   4.9277180e+02
   4.9731184e+02   5.7413247e+02
   4.9904606e+02   4.6408825e+02
   5.0018036e+02   5.0417434e+02
   5.0109092e+02   4.7950425e+02
   5.0138013e+02   5.0154698e+02
   5.0195988e+02   5.6341278e+02
   5.0252410e+02   5.7732360e+02
   5.0330192e+02   4.4498191e+02
   5.0431285e+02   5.1564228e+02
   5.0603466e+02   4.2951116e+02
   5.0824797e+02   4.1654039e+02
   5.0933414e+02   4.9412387e+02
   5.0933414e+02   5.2293177e+02
   5.0933414e+02   4.9618992e+02
   5.0846554e+02   4.1060159e+02
   5.0771868e+02   4.7530801e+02
   5.0771868e+02   5.8518419e+02
   5.0771868e+02   5.3339309e+02
   5.0888618e+02   4.4253436e+02
   5.1099909e+02   5.0738042e+02
   5.1258424e+02   5.9158533e+02
   5.1396889e+02   5.4361346e+02
   5.1472212e+02   3.7669100e+02
   5.1488550e+02   5.3731117e+02
   5.1531652e+02   5.7605763e+02
   5.1575166e+02   4.9176398e+02
   5.1584779e+02   4.4147390e+02
   5.1623115e+02   5.4423257e+02
   5.1721112e+02   5.5125794e+02
   5.1761699e+02   4.7077912e+02
   5.1793227e+02   4.9588039e+02
   5.1832326e+02   5.4258604e+02
   5.1880025e+02   5.4091326e+02
   5.1980303e+02   5.1281559e+02
   5.2081793e+02   5.5891031e+02
   5.2081793e+02   5.2923584e+02
   5.2081793e+02   4.6540095e+02
   5.2080111e+02   5.4096173e+02
   5.1856821e+02   5.6894660e+02
   5.1639792e+02   4.8720724e+02
   5.1572921e+02   5.1901525e+02
   5.1572921e+02   5.3697712e+02
   5.1572921e+02   5.0683124e+02
   5.1705206e+02   5.9129090e+02
   5.1967076e+02   5.0231866e+02
   5.2112660e+02   4.5292878e+02
   5.2249180e+02   5.6266026e+02
   5.2398951e+02   5.7358241e+02
   5.2398951e+02   4.6505476e+02
   5.2398951e+02   5.2490592e+02
   5.2386662e+02   6.1141362e+02
   5.2315880e+02   5.4420920e+02
   5.2189205e+02   4.9481196e+02
   5.2118509e+02   5.2225614e+02
   5.2118509e+02   5.5220972e+02
   5.2118509e+02   5.2106287e+02
   5.2147196e+02   5.3404041e+02
   5.2200806e+02   5.1139903e+02
   5.2241437e+02   5.2325690e+02
   5.2291907e+02   5.2407090e+02
   5.2388059e+02   6.0630043e+02
   5.2408264e+02   6.1374405e+02
   5.2463113e+02   5.0277064e+02
   5.2547551e+02   4.9349364e+02
   5.2580066e+02   5.2916787e+02
   5.2580066e+02   6.3526577e+02
   5.2580066e+02   5.5785579e+02
   5.2582067e+02   6.0885366e+02
   5.2582067e+02   5.5751087e+02
   5.2582067e+02   5.6559302e+02
   5.2606997e+02   4.1679052e+02
   5.2655000e+02   4.6717921e+02
   5.2704919e+02   5.5770510e+02
   5.2738680e+02   4.7040159e+02
   5.2752281e+02   4.2789213e+02
   5.2752281e+02   5.3266163e+02
   5.2752281e+02   5.9606985e+02
   5.2752281e+02   4.8013424e+02
   5.2721567e+02   5.0256515e+02
   5.2680181e+02   6.6371509e+02
   5.2572028e+02   6.1812552e+02
   5.2486497e+02   4.6142609e+02
   5.2486497e+02   5.2556152e+02
   5.2486497e+02   4.3777794e+02
   5.2489576e+02   5.4403683e+02
   5.2568816e+02   5.0718949e+02
   5.2666306e+02   5.5769869e+02
   5.2675820e+02   6.1423034e+02
   5.2679823e+02   5.3832499e+02
   5.2681716e+02   4.4037661e+02
   5.2715313e+02   4.6731182e+02
   5.2729814e+02   5.4717016e+02
   5.2772741e+02   4.7248517e+02
   5.2791622e+02   4.7604339e+02
   5.2867306e+02   4.4127648e+02
   5.2867923e+02   4.9027578e+02
   5.2895871e+02   5.4701921e+02
   5.2923950e+02   5.0422578e+02
   5.2936047e+02   5.5170592e+02
   5.2936047e+02   4.8404457e+02
   5.2936047e+02   5.2139431e+02
   5.2906436e+02   5.4046324e+02
   5.2850713e+02   6.0456768e+02
   5.2850713e+02   4.5256163e+02
   5.2850713e+02   5.3753660e+02
   5.2850713e+02   5.6028176e+02
   5.2857707e+02   4.4421840e+02
   5.2945209e+02   5.2018002e+02
   5.2945209e+02   4.7992870e+02
   5.2945209e+02   4.8647025e+02
   5.2945209e+02   5.1622476e+02
   5.2875954e+02   5.6563413e+02
   5.2793962e+02   5.6760460e+02
   5.2793962e+02   6.2144308e+02
   5.2793962e+02   4.8785989e+02
   5.2845001e+02   5.1539615e+02
   5.2945441e+02   5.7761525e+02
   5.3072840e+02   5.8255023e+02
   5.3215243e+02   4.7355647e+02
   5.3375372e+02   5.1147623e+02
   5.3606612e+02   5.5590995e+02
   5.3832296e+02   5.3035851e+02
   5.4097367e+02   5.3270071e+02
   5.4343218e+02   5.7414183e+02
   5.4513542e+02   5.4755455e+02
   5.4550104e+02   5.4020316e+02
   5.4554238e+02   5.7209477e+02
   5.4554238e+02   5.0579994e+02
   5.4554238e+02   5.3154507e+02
   5.4550104e+02   4.0367173e+02
   5.4489787e+02   6.0239672e+02
   5.4455638e+02   6.1956018e+02
   5.4412610e+02   5.1944851e+02
   5.4354529e+02   4.9423636e+02
   5.4333904e+02   6.5778334e+02
   5.4303201e+02   5.7626817e+02
   5.4278646e+02   4.5120117e+02
   5.4269185e+02   5.8414287e+02
   5.4182775e+02   5.8025594e+02
   5.4107416e+02   6.1853843e+02
   5.4107416e+02   5.8552252e+02
   5.4107416e+02   4.1274585e+02
   5.4107416e+02   5.5218419e+02
   5.4173789e+02   6.6596848e+02
   5.4220616e+02   5.1861244e+02
   5.4236709e+02   5.1612277e+02
   5.4242030e+02   5.7077855e+02
   5.4242904e+02   6.0004485e+02
   5.4296666e+02   5.1615662e+02
   5.4369877e+02   6.3558306e+02
   5.4403033e+02   5.2310032e+02
   5.4425507e+02   4.6062534e+02
   5.4534595e+02   4.9370035e+02
   5.4554971e+02   5.3922391e+02
   5.4554971e+02   5.6514278e+02
   5.4554971e+02   6.1783636e+02
   5.4486195e+02   4.7547135e+02
   5.4207945e+02   4.7517526e+02
   5.4063074e+02   4.9711294e+02
   5.3824781e+02   4.3116913e+02
   5.3758984e+02   5.5523729e+02
   5.3716056e+02   5.5444931e+02
   5.3716056e+02   4.7701831e+02
   5.3707574e+02   5.4720745e+02
   5.3707574e+02   4.8489569e+02
   5.3666131e+02   5.3741134e+02
   5.3641738e+02   5.2706615e+02
   5.3641738e+02   5.1788993e+02
   5.3641738e+02   5.6508974e+02
   5.3662012e+02   5.1631096e+02
   5.3715302e+02   4.8280938e+02
   5.3741493e+02   5.2832384e+02
   5.3746219e+02   5.6201594e+02
   5.3755889e+02   4.9874566e+02
   5.3764945e+02   5.2033406e+02
   5.3808995e+02   5.9702084e+02
   5.3841886e+02   4.4653385e+02
   5.3848666e+02   4.9403100e+02
   5.3919642e+02   5.3144111e+02
   5.3919642e+02   5.5882421e+02
   5.3919642e+02   6.3840806e+02
   5.3851326e+02   5.5849980e+02
   5.3838649e+02   5.6652967e+02
   5.3660594e+02   5.9804388e+02
   5.3597773e+02   4.7813681e+02
   5.3587347e+02   5.4554486e+02
   5.3587347e+02   5.3242153e+02
   5.3580988e+02   4.5793792e+02
   5.3580988e+02   4.1104904e+02
   5.3568146e+02   5.5705331e+02
   5.3525009e+02   5.2387061e+02
   5.3401580e+02   5.4347669e+02
   5.3338111e+02   4.9280416e+02
   5.3256825e+02   4.7587570e+02
   5.3124884e+02   5.2936272e+02
   5.2982117e+02   5.4905902e+02
   5.2819295e+02   3.9148549e+02
   5.2580947e+02   5.4883427e+02
   5.2177690e+02   4.9893458e+02
   5.1777660e+02   5.4989341e+02
   5.1197618e+02   4.9002965e+02
   5.0839848e+02   5.1899553e+02
   5.0492635e+02   4.7101776e+02
   5.0299542e+02   4.2485630e+02
   5.0147622e+02   5.4875999e+02
   5.0058987e+02   4.7232231e+02
   4.9982808e+02   5.5441273e+02
   4.9850301e+02   5.2607119e+02
   4.9815813e+02   5.0587210e+02
   4.9667719e+02   5.4620516e+02
   4.9609725e+02   4.6714039e+02
   4.9590573e+02   4.4780923e+02
   4.9566107e+02   5.7500858e+02
   4.9461513e+02   3.8090056e+02
   4.9359354e+02   4.5384461e+02
   4.9266121e+02   4.6788549e+02
   4.9181404e+02   4.7530305e+02
   4.9093177e+02   5.6763622e+02
   4.9001414e+02   4.6306636e+02
   4.8977283e+02   5.1467254e+02
   4.8882389e+02   4.9061412e+02
   4.8615933e+02   4.9713229e+02
   4.8371961e+02   3.3752006e+02
   4.8192939e+02   5.5456995e+02
   4.8115946e+02   5.3858389e+02
   4.8115946e+02   4.2863692e+02
   4.8115946e+02   5.1147084e+02
   4.8144483e+02   5.5213016e+02
   4.8297121e+02   4.3217732e+02
   4.8458715e+02   4.9489193e+02
   4.8803001e+02   4.9661510e+02
   4.9219964e+02   4.9039870e+02
   4.9662946e+02   4.9215530e+02
   5.0005138e+02   5.6815410e+02
   5.0322242e+02   5.0036642e+02
   5.0544681e+02   4.9320430e+02
   5.0682744e+02   5.2502478e+02
   5.0682744e+02   5.3865964e+02
   5.0682744e+02   5.2111376e+02
   5.0636484e+02   5.1083566e+02
   5.0496844e+02   5.3788259e+02
   5.0354482e+02   5.7720713e+02
   5.0235958e+02   5.1475331e+02
   5.0086616e+02   5.4174102e+02
   4.9893319e+02   3.7934552e+02
   4.9668191e+02   4.6309421e+02
   4.9469362e+02   4.8647458e+02
   4.9415010e+02   4.1713172e+02
   4.9257519e+02   4.7196919e+02
   4.9138622e+02   4.6281369e+02
   4.9067277e+02   4.5849986e+02
   4.8984556e+02   5.2713669e+02
   4.8857771e+02   4.7839265e+02
   4.8777788e+02   5.6678045e+02
   4.8655725e+02   5.1096163e+02
   4.8537941e+02   5.5397293e+02
   4.8387785e+02   5.1167436e+02
   4.8300580e+02   5.4059886e+02
   4.8300580e+02   5.2673954e+02
   4.8300580e+02   4.1513657e+02
   4.8367787e+02   4.4036013e+02
   4.8519482e+02   5.6089975e+02
   4.8689309e+02   5.1735812e+02
   4.8849866e+02   4.2945802e+02
   4.9011580e+02   5.0405045e+02
   4.9156860e+02   5.0425193e+02
   4.9349226e+02   4.9994659e+02
   4.9389306e+02   5.0330956e+02
   4.9467851e+02   4.4589841e+02
   4.9589732e+02   5.4511528e+02
   4.9719432e+02   4.7705327e+02
   4.9736229e+02   5.1197825e+02
   4.9809631e+02   5.3715046e+02
   4.9835266e+02   4.9791414e+02
   4.9871264e+02   4.6395064e+02
   4.9871264e+02   4.6472078e+02
   4.9871264e+02   5.0109336e+02
   4.9859308e+02   4.5750401e+02
   4.9859308e+02   5.2806143e+02
   4.9849771e+02   6.4198168e+02
   4.9783830e+02   4.6910367e+02
   4.9783830e+02   5.1520109e+02
   4.9783830e+02   5.1939720e+02
   4.9806198e+02   5.3057855e+02
   4.9806198e+02   5.2935104e+02
   4.9806198e+02   4.9842783e+02
   4.9806198e+02   5.1589378e+02
   4.9722531e+02   4.5299146e+02
   4.9671897e+02   4.4067085e+02
   4.9671897e+02   5.5013399e+02
   4.9671897e+02   5.5804685e+02
   4.9743608e+02   5.3156331e+02
   4.9884274e+02   5.4122945e+02
   4.9992973e+02   5.1762778e+02
   5.0002932e+02   5.2884022e+02
   5.0002932e+02   4.8343086e+02
   5.0002932e+02   4.5000489e+02
   4.9851897e+02   5.0227128e+02
   4.9274882e+02   4.3991964e+02
   4.9274882e+02   4.6504390e+02
   4.9274882e+02   5.4210580e+02
   5.0277790e+02   5.1247080e+02
   5.0617123e+02   5.2969632e+02
   5.0728314e+02   4.9908328e+02
   5.0730354e+02   6.0807086e+02
   5.0730354e+02   4.7914164e+02
   5.0730354e+02   4.4239839e+02
   5.0728314e+02   5.1430001e+02
   5.0693000e+02   5.5110877e+02
   5.0667840e+02   5.0369498e+02
   5.0584424e+02   4.5074442e+02
   5.0459268e+02   4.7322165e+02
   5.0297503e+02   4.8198632e+02
   5.0263933e+02   5.4572480e+02
   5.0211436e+02   4.9290958e+02
   5.0175550e+02   3.2177168e+02
   5.0150936e+02   5.3032758e+02
   5.0150936e+02   4.5995925e+02
   5.0150936e+02   4.3939583e+02
   5.0150936e+02   5.1107501e+02
   5.0150936e+02   4.9544146e+02
   5.0200274e+02   4.3039357e+02
   5.0219833e+02   4.6851032e+02
   5.0269697e+02   4.7603232e+02
   5.0383656e+02   5.0323629e+02
   5.0383656e+02   4.0389881e+02
   5.0383656e+02   5.3137854e+02
   5.0251968e+02   5.1104421e+02
   5.0094376e+02   5.1872293e+02
   4.9995291e+02   4.1648185e+02
   4.9983365e+02   4.8574452e+02
   4.9930246e+02   5.8827550e+02
   4.9922946e+02   4.9510633e+02
   4.9918750e+02   5.3060450e+02
   4.9893662e+02   5.3341699e+02
   4.9810843e+02   5.3015928e+02
   4.9766035e+02   4.8647705e+02
   4.9737545e+02   4.6294683e+02
   4.9737545e+02   5.6347275e+02
   4.9737545e+02   5.4045531e+02
   4.9867360e+02   4.1115297e+02
   4.9867360e+02   5.5776214e+02
   4.9867360e+02   5.2405620e+02
   4.9843107e+02   5.3959924e+02
   4.9648715e+02   4.9704886e+02
   4.9346420e+02   5.5791108e+02
   4.9165432e+02   4.6872109e+02
   4.9149076e+02   4.7436620e+02
   4.9149076e+02   4.5343631e+02
   4.9149076e+02   5.7858261e+02
   4.9196040e+02   6.2731773e+02
   4.9196632e+02   4.5578211e+02
   4.9196632e+02   4.9932081e+02
   4.9196632e+02   4.4389637e+02
   4.8793034e+02   4.9107300e+02
   4.4996317e+02   3.7918674e+02
   4.4815358e+02   4.6810785e+02
   4.4815358e+02   5.7421327e+02
   4.4812347e+02   4.4332032e+02
   4.4812347e+02   4.4328851e+02
   4.4715706e+02   5.0590342e+02
   4.4556997e+02   4.2021238e+02
   4.4531315e+02   3.5024118e+02
   4.4468990e+02   4.2467450e+02
   4.4416242e+02   4.2024889e+02
   4.4337254e+02   5.2413338e+02
   4.4282070e+02   4.9179784e+02
   4.4206245e+02   4.0050680e+02
   4.4130223e+02   5.3015611e+02
   4.4022146e+02   3.7599718e+02
   4.3997879e+02   4.3433317e+02
   4.3983508e+02   4.4746491e+02
   4.3893117e+02   4.6134917e+02
   4.3847542e+02   3.9968018e+02
   4.3828528e+02   3.6556639e+02
   4.3828528e+02   4.3884879e+02
   4.3828528e+02   4.8071311e+02
   4.3803530e+02   4.3393786e+02
   4.3794129e+02   4.7774207e+02
   4.3757372e+02   4.2918428e+02
   4.3622397e+02   3.9609938e+02
   4.3519533e+02   4.1919949e+02
   4.3452521e+02   4.1232803e+02
   4.3413788e+02   5.0624395e+02
   4.3412805e+02   3.5538949e+02
   4.3401778e+02   3.8492696e+02
   4.3398085e+02   4.5065144e+02
   4.3397727e+02   4.2586310e+02
   4.3357358e+02   3.6714254e+02
   4.3332130e+02   4.7101992e+02
   4.3289960e+02   4.9860324e+02
   4.3272114e+02   5.2813848e+02
   4.3269329e+02   4.4087891e+02
   4.3246030e+02   4.0010843e+02
   4.3140349e+02   4.4257556e+02
   4.3125311e+02   4.4764264e+02
   4.3111603e+02   4.6543108e+02
   4.3067348e+02   4.2883836e+02
   4.3063891e+02   3.6934229e+02
   4.3031874e+02   3.6656000e+02
   4.3024066e+02   4.4328409e+02
   4.2915370e+02   4.4761505e+02
   4.2788430e+02   4.8925473e+02
   4.2760338e+02   4.2712741e+02
   4.2742896e+02   3.4741036e+02
   4.2714402e+02   5.1400502e+02
   4.2653518e+02   3.6709494e+02
   4.2635485e+02   3.9723104e+02
   4.2565447e+02   4.3535465e+02
   4.2486280e+02   4.7012492e+02
   4.2418674e+02   4.8713411e+02
   4.2418674e+02   4.5463779e+02
   4.2418674e+02   3.8951616e+02
   4.2418674e+02   3.9439652e+02
   4.2434431e+02   4.5619201e+02
   4.2504338e+02   4.4308083e+02
   4.2545209e+02   4.5708078e+02
   4.2553147e+02   4.3105037e+02
   4.2576334e+02   4.3084468e+02
   4.2721032e+02   4.0227597e+02
   4.2888398e+02   5.6133347e+02
   4.3048590e+02   4.2360880e+02
   4.3048590e+02   4.0511750e+02
   4.3048590e+02   4.2255417e+02
   4.2896908e+02   4.6175206e+02
   4.2585425e+02   4.1703179e+02
   4.2280637e+02   3.6039205e+02
   4.1960038e+02   4.8635983e+02
   4.1786886e+02   3.9593527e+02
   4.1762559e+02   3.5012843e+02
   4.1685773e+02   4.3428157e+02
   4.1563351e+02   4.1690765e+02
   4.1510562e+02   4.0044260e+02
   4.1488365e+02   3.1719052e+02
   4.1399072e+02   3.8831764e+02
   4.1349715e+02   4.6796569e+02
   4.1313299e+02   3.8999554e+02
   4.1288360e+02   3.9019958e+02
   4.1165080e+02   3.7877015e+02
   4.1060776e+02   3.4226572e+02
   4.0923346e+02   3.4641833e+02
   4.0912529e+02   3.7163378e+02
   4.0759772e+02   4.0944816e+02
   4.0711308e+02   4.6492689e+02
   4.0678015e+02   3.6671477e+02
   4.0664660e+02   4.7309796e+02
   4.0587826e+02   5.0624059e+02
   4.0573542e+02   4.0543825e+02
   4.0560296e+02   3.5643920e+02
   4.0479885e+02   4.2356832e+02
   4.0442693e+02   4.0263974e+02
   4.0442693e+02   3.7494213e+02
   4.0442693e+02   4.2537776e+02
   4.0542428e+02   4.6626711e+02
   4.0742828e+02   3.5229615e+02
   4.0997508e+02   3.2963124e+02
   4.1280018e+02   4.7252255e+02
   4.1751093e+02   4.1767178e+02
   4.2174523e+02   3.9090265e+02
   4.2669403e+02   4.7846090e+02
   4.3112218e+02   4.7930836e+02
   4.3533032e+02   5.1920377e+02
   4.3862498e+02   3.9817532e+02
   4.4181447e+02   5.0526067e+02
   4.4181447e+02   4.3880876e+02
   4.4181447e+02   4.6115756e+02
   4.4039179e+02   3.7499477e+02
   4.3625292e+02   4.3637358e+02
   4.2983471e+02   4.3985001e+02
   4.2046577e+02   4.4525472e+02
   4.1007400e+02   3.2770520e+02
   4.0230527e+02   3.4941652e+02
   3.9777119e+02   3.7526779e+02
   3.9680909e+02   3.4828924e+02
   3.9604498e+02   3.3214063e+02
   3.9602953e+02   3.8407802e+02
   3.9602953e+02   3.3286863e+02
   3.9602953e+02   3.3109708e+02
   3.9602953e+02   2.7987184e+02
   3.9514841e+02   3.3673656e+02
   3.9492974e+02   4.2242201e+02
   3.9492974e+02   3.1259769e+02
   3.9492974e+02   3.8818688e+02
   3.9514841e+02   3.8297812e+02
   3.9520224e+02   4.2922759e+02
   3.9589433e+02   2.5523583e+02
   3.9594286e+02   4.0866148e+02
   3.9624409e+02   4.9392011e+02
   3.9624409e+02   4.2436754e+02
   3.9624409e+02   4.1378651e+02
   3.9594286e+02   3.9657845e+02
   3.9569552e+02   5.7558410e+02
   3.9532442e+02   3.6667876e+02
   3.9508674e+02   4.4199352e+02
   3.9403736e+02   5.0480937e+02
   3.9286510e+02   3.7802246e+02
   3.9216774e+02   3.6896928e+02
   3.9106028e+02   3.8079140e+02
   3.9014643e+02   3.6212451e+02
   3.8883483e+02   4.1194848e+02
   3.8681532e+02   3.6345888e+02
   3.8677364e+02   3.1033577e+02
   3.8547021e+02   3.9784897e+02
   3.8409940e+02   4.1730124e+02
   3.8317359e+02   3.6415482e+02
   3.8280886e+02   4.2878124e+02
   3.8114047e+02   3.7577236e+02
   3.8087811e+02   2.5385356e+02
   3.8057521e+02   3.5735597e+02
   3.7962428e+02   3.9354027e+02
   3.7962428e+02   2.9476609e+02
   3.7962428e+02   2.6245281e+02
   3.7989270e+02   4.3216843e+02
   3.8048724e+02   4.1809510e+02
   3.8149835e+02   3.2309675e+02
   3.8191856e+02   2.8340168e+02
   3.8223935e+02   4.5871580e+02
   3.8223935e+02   4.3794411e+02
   3.8223935e+02   3.2783010e+02
   3.8137246e+02   3.7620364e+02
   3.8035577e+02   4.2934482e+02
   3.7954078e+02   3.6181626e+02
   3.7912061e+02   3.6333560e+02
   3.7852679e+02   4.8298338e+02
   3.7849013e+02   3.9941320e+02
   3.7839728e+02   4.2561767e+02
   3.7839728e+02   4.0653281e+02
   3.7726983e+02   3.6003024e+02
   3.7649710e+02   4.5172717e+02
   3.7642031e+02   3.2243717e+02
   3.7639392e+02   3.9223487e+02
   3.7580085e+02   3.9911398e+02
   3.7541288e+02   3.5759066e+02
   3.7488769e+02   4.0644414e+02
   3.7241826e+02   4.0407502e+02
   3.7059161e+02   3.8594201e+02
   3.6945501e+02   3.9966479e+02
   3.6945501e+02   3.8118913e+02
   3.6945501e+02   4.2352551e+02
   3.7060031e+02   3.8667309e+02
   3.7060031e+02   2.5664728e+02
   3.7060031e+02   3.7746114e+02
   3.7057062e+02   4.5303587e+02
   3.7056320e+02   3.5282341e+02
   3.7013464e+02   3.1375000e+02
   3.6952562e+02   3.6622449e+02
   3.6946021e+02   4.2023298e+02
   3.6924157e+02   3.7845950e+02
   3.6887608e+02   3.2534758e+02
   3.6887608e+02   4.5840241e+02
   3.6887608e+02   3.2191647e+02
   3.6909308e+02   2.8133678e+02
   3.6968494e+02   4.7937153e+02
   3.7004839e+02   4.0914569e+02
   3.7033712e+02   4.3209347e+02
   3.7033712e+02   3.0366991e+02
   3.7033712e+02   3.5960163e+02
   3.7033712e+02   4.8286545e+02
   3.6993434e+02   3.6290129e+02
   3.6878247e+02   3.1846377e+02
   3.6825622e+02   3.8060843e+02
   3.6721626e+02   2.7798620e+02
   3.6605077e+02   3.9626915e+02
   3.6553492e+02   3.1885969e+02
   3.6544481e+02   3.3442559e+02
   3.6482385e+02   3.5380750e+02
   3.6482385e+02   3.2597841e+02
   3.6482385e+02   3.2233223e+02
   3.6482385e+02   2.8904460e+02
   3.6519666e+02   3.2649774e+02
   3.6684240e+02   3.3829047e+02
   3.6787563e+02   3.2368024e+02
   3.7098216e+02   3.6589417e+02
   3.7320853e+02   3.4524941e+02
   3.7320853e+02   3.5959280e+02
   3.7320853e+02   3.9274551e+02
   3.7264399e+02   3.5907709e+02
   3.7014697e+02   2.9081680e+02
   3.6772516e+02   2.9413890e+02
   3.6761868e+02   4.1035790e+02
   3.6759661e+02   3.4991917e+02
   3.6759661e+02   3.7308770e+02
   3.6711494e+02   3.9414889e+02
   3.6711494e+02   4.3860131e+02
   3.6711494e+02   3.9217641e+02
   3.6711494e+02   3.2920452e+02
   3.6750275e+02   3.8271860e+02
   3.6778028e+02   4.0263090e+02
   3.6900447e+02   3.4761959e+02
   3.6948737e+02   3.0321118e+02
   3.7097278e+02   3.6854829e+02
   3.7177005e+02   4.7277528e+02
   3.7379151e+02   3.2838296e+02
   3.7491309e+02   3.1210044e+02
   3.7651525e+02   4.0797710e+02
   3.7707464e+02   3.5618640e+02
   3.7769579e+02   4.3317126e+02
   3.7777961e+02   4.1506871e+02
   3.7794853e+02   4.2514448e+02
   3.7812225e+02   3.3234804e+02
   3.7832916e+02   4.0870488e+02
   3.7861013e+02   3.5731171e+02
   3.7916719e+02   4.5522376e+02
   3.7928109e+02   2.4730403e+02
   3.7966698e+02   4.4483940e+02
   3.8033204e+02   3.6936042e+02
   3.8111751e+02   3.7501991e+02
   3.8149356e+02   3.4930514e+02
   3.8178410e+02   4.0051001e+02
   3.8222531e+02   4.2101804e+02
   3.8280654e+02   4.5447857e+02
   3.8289138e+02   3.5687149e+02
   3.8296912e+02   4.1027236e+02
   3.8405848e+02   4.3036369e+02
   3.8417741e+02   3.7797681e+02
   3.8419630e+02   3.5857779e+02
   3.8419630e+02   4.3682255e+02
   3.8419630e+02   3.4570378e+02
   3.8388316e+02   3.4005453e+02
   3.8324321e+02   4.0700502e+02
   3.8246097e+02   4.0892616e+02
   3.8162261e+02   4.0904735e+02
   3.8062843e+02   3.3149557e+02
   3.7964934e+02   3.4919245e+02
   3.7918134e+02   4.0194173e+02
   3.7861155e+02   3.5236740e+02
   3.7850502e+02   2.8897807e+02
   3.7825502e+02   3.9707078e+02
   3.7796679e+02   3.8608209e+02
   3.7683159e+02   2.7629268e+02
   3.7619450e+02   2.6578746e+02
   3.7485510e+02   3.7336379e+02
   3.7326671e+02   4.5478558e+02
   3.7233000e+02   3.6864549e+02
   3.7185398e+02   4.7809882e+02
   3.7026789e+02   3.4425362e+02
   3.6935190e+02   3.6130308e+02
   3.6768896e+02   2.9132022e+02
   3.6654478e+02   4.6883922e+02
   3.6597612e+02   3.2098857e+02
   3.6597612e+02   3.5376027e+02
   3.6597612e+02   3.7964878e+02
   3.6674547e+02   3.3780517e+02
   3.6771501e+02   4.3049560e+02
   3.6773730e+02   3.0963685e+02
   3.6822386e+02   3.0355927e+02
   3.6866076e+02   3.9924984e+02
   3.6866076e+02   3.4976528e+02
   3.6866076e+02   3.4829323e+02
   3.6798870e+02   3.5796723e+02
   3.6649164e+02   4.4044215e+02
   3.6535900e+02   3.5095785e+02
   3.6426565e+02   3.7988275e+02
   3.6295292e+02   3.1144991e+02
   3.6262073e+02   4.3022633e+02
   3.6221524e+02   3.1074908e+02
   3.6166509e+02   4.1980628e+02
   3.6031935e+02   3.3113271e+02
   3.5897594e+02   3.6123862e+02
   3.5686521e+02   2.0921310e+02
   3.5506933e+02   3.3283598e+02
   3.5342911e+02   4.1436259e+02
   3.5266004e+02   3.5107050e+02
   3.5219198e+02   3.9182854e+02
   3.5195727e+02   3.9519053e+02
   3.5179908e+02   3.0307717e+02
   3.5157665e+02   3.5046478e+02
   3.5157665e+02   3.4174502e+02
   3.5157665e+02   4.6616606e+02
   3.5120093e+02   3.7925927e+02
   3.5120093e+02   3.7552399e+02
   3.5093817e+02   3.8003908e+02
   3.5036444e+02   3.5198651e+02
   3.4843906e+02   3.7364818e+02
   3.4803090e+02   3.6653176e+02
   3.4764518e+02   4.1024387e+02
   3.4724137e+02   3.5274034e+02
   3.4711889e+02   2.5577979e+02
   3.4711889e+02   3.6691578e+02
   3.4711889e+02   3.4433395e+02
   3.4729915e+02   4.1467604e+02
   3.4847523e+02   2.9885055e+02
   3.4847523e+02   4.1835141e+02
   3.4847523e+02   4.6276760e+02
   3.4728416e+02   2.9101833e+02
   3.4602133e+02   3.5105933e+02
   3.4389260e+02   4.0539729e+02
   3.4216905e+02   3.7939996e+02
   3.4177826e+02   2.7844833e+02
   3.4166113e+02   2.5890858e+02
   3.4166113e+02   4.2405167e+02
   3.4166113e+02   3.7086518e+02
   3.4166113e+02   2.3893548e+02
   3.4166113e+02   2.8074821e+02
   3.3836826e+02   4.1448742e+02
   3.3683200e+02   3.0423420e+02
   3.3384908e+02   3.5780344e+02
   3.3239892e+02   3.8905457e+02
   3.3107677e+02   3.1440962e+02
   3.3017182e+02   3.7343144e+02
   3.2968007e+02   3.5018355e+02
   3.2891510e+02   2.7012826e+02
   3.2891510e+02   3.5982461e+02
   3.2876285e+02   3.4758362e+02
   3.2861115e+02   3.6655519e+02
   3.2808920e+02   3.3033068e+02
   3.2791266e+02   3.7795574e+02
   3.2765584e+02   2.3730034e+02
   3.2727861e+02   2.8008727e+02
   3.2548884e+02   3.5642929e+02
   3.2486088e+02   3.0773773e+02
   3.2418368e+02   2.8020434e+02
   3.2325536e+02   3.8501292e+02
   3.2290774e+02   3.8115127e+02
   3.2208684e+02   2.7217012e+02
   3.2175208e+02   2.7858729e+02
   3.2157019e+02   4.0936373e+02
   3.2157019e+02   3.5525608e+02
   3.2131201e+02   2.7288567e+02
   3.2103850e+02   2.5455081e+02
   3.2058469e+02   3.5727371e+02
   3.1989751e+02   2.8898773e+02
   3.1984188e+02   2.4101168e+02
   3.1876511e+02   3.2419360e+02
   3.1744427e+02   3.3844437e+02
   3.1632445e+02   3.0563152e+02
   3.1585154e+02   2.6686293e+02
   3.1585154e+02   3.4138267e+02
   3.1585154e+02   3.3047224e+02
   3.4658227e+02   3.1887895e+02
   3.4681300e+02   3.4504160e+02
   3.4681300e+02   3.5357456e+02
   3.4681300e+02   4.1368133e+02
   3.4681300e+02   3.4933169e+02
   3.4680810e+02   3.1299598e+02
   3.4581099e+02   4.4567829e+02
   3.4564192e+02   2.4117196e+02
   3.4501041e+02   3.0104425e+02
   3.4401246e+02   4.0139731e+02
   3.4290463e+02   4.4661496e+02
   3.4153208e+02   2.9053449e+02
   3.4153208e+02   4.3513252e+02
   3.4153208e+02   4.4285498e+02
   3.4161762e+02   3.9332768e+02
   3.4296506e+02   3.0903648e+02
   3.4492673e+02   3.4905776e+02
   3.4559686e+02   4.6059272e+02
   3.4559686e+02   4.0732329e+02
   3.4559686e+02   3.3876708e+02
   3.4541895e+02   3.6823025e+02
   3.4360060e+02   4.4080757e+02
   3.4155768e+02   3.5632118e+02
   3.3907798e+02   3.2662640e+02
   3.3781006e+02   3.6901146e+02
   3.3542266e+02   3.7176332e+02
   3.3495388e+02   2.8137297e+02
   3.3457490e+02   3.1035152e+02
   3.3456217e+02   3.2076288e+02
   3.3354422e+02   3.4793879e+02
   3.3347161e+02   3.0025683e+02
   3.3265149e+02   3.6564384e+02
   3.3203485e+02   2.9318550e+02
   3.3099514e+02   2.7978428e+02
   3.3011790e+02   3.6031573e+02
   3.2849772e+02   3.6292368e+02
   3.2700584e+02   4.1356194e+02
   3.2626256e+02   3.5661171e+02
   3.2455286e+02   3.1649439e+02
   3.2228183e+02   3.7319745e+02
   3.2082088e+02   3.1868355e+02
   3.1993646e+02   2.7981237e+02
   3.1856468e+02   2.7544096e+02
   3.1842586e+02   3.7392496e+02
   3.1834249e+02   3.4346520e+02
   3.1808925e+02   2.8612034e+02
   3.1772743e+02   3.2663179e+02
   3.1772743e+02   3.4548494e+02
   3.1762434e+02   3.3866845e+02
   3.1740462e+02   2.4205965e+02
   3.1675072e+02   3.3438778e+02
   3.1669966e+02   3.5046058e+02
   3.1666799e+02   3.2007037e+02
   3.1572007e+02   3.5535148e+02
   3.1570764e+02   3.5564604e+02
   3.1570764e+02   2.9446284e+02
   3.1570764e+02   2.6386344e+02
   3.1570764e+02   3.9444870e+02
   3.1624162e+02   3.6938950e+02
   3.1739142e+02   3.4754250e+02
   3.1824839e+02   3.7206508e+02
   3.1902246e+02   3.4650671e+02
   3.1949108e+02   3.1462012e+02
   3.2261622e+02   3.1089010e+02
   3.2318201e+02   3.4997056e+02
   3.3618744e+02   2.7279381e+02
   3.3635062e+02   3.7814103e+02
   3.3944217e+02   2.3052078e+02
   3.3977498e+02   3.4197419e+02
   3.4010344e+02   3.5129782e+02
   3.4075257e+02   2.2996009e+02
   3.4087083e+02   2.9883333e+02
   3.4181825e+02   3.8496681e+02
   3.4299080e+02   3.9942157e+02
   3.4307522e+02   2.7288331e+02
   3.4544252e+02   2.7084511e+02
   3.4668284e+02   4.3881305e+02
   3.4692118e+02   3.5424409e+02
   3.4746300e+02   2.9125904e+02
   3.4849246e+02   3.3587824e+02
   3.4954087e+02   3.4259701e+02
   3.5087270e+02   3.5576488e+02
   3.5236850e+02   3.6379305e+02
   3.5262904e+02   2.8474810e+02
   3.5262904e+02   2.7273495e+02
   3.5262904e+02   3.3112596e+02
   3.5252986e+02   3.1951015e+02
   3.5194735e+02   4.4477066e+02
   3.5192563e+02   3.4853608e+02
   3.5172206e+02   3.1292038e+02
   3.5120999e+02   2.9732822e+02
   3.5045503e+02   4.4868503e+02
   3.4961486e+02   4.0057538e+02
   3.4893806e+02   3.0853387e+02
   3.4893806e+02   3.4110842e+02
   3.4893806e+02   4.0670443e+02
   3.4942649e+02   2.7376824e+02
   3.5052938e+02   3.1100387e+02
   3.5242629e+02   3.4506483e+02
   3.5500704e+02   3.6111122e+02
   3.5877230e+02   4.6130055e+02
   3.6387621e+02   2.9426857e+02
   3.7507150e+02   3.2446850e+02
   3.8405572e+02   4.6582809e+02
   3.9018356e+02   3.6265088e+02
   3.9331683e+02   4.3086914e+02
   3.9621098e+02   3.6516507e+02
   3.9779008e+02   3.4872951e+02
   3.9972199e+02   3.8774535e+02
   4.0058961e+02   3.9536044e+02
   4.0077659e+02   4.9423713e+02
   4.0142357e+02   4.0768505e+02
   4.0225237e+02   3.6877443e+02
   4.0247530e+02   3.9257411e+02
   4.0300795e+02   3.8823412e+02
   4.0374635e+02   4.1424497e+02
   4.0390928e+02   4.3548384e+02
   4.0390928e+02   4.6863737e+02
   4.0390928e+02   3.3917447e+02
   4.0379874e+02   3.6240620e+02
   4.0377100e+02   4.7382335e+02
   4.0377100e+02   3.4874691e+02
   4.0354314e+02   4.0825185e+02
   4.0273074e+02   3.3677769e+02
   4.0184443e+02   4.6596838e+02
   4.0122547e+02   3.9428214e+02
   4.0105647e+02   4.6529925e+02
   4.0096483e+02   3.8803747e+02
   4.0096483e+02   4.5938132e+02
   4.0096483e+02   3.4156698e+02
   4.0255208e+02   3.5830612e+02
   4.0419721e+02   4.3088432e+02
   4.0687520e+02   3.0085278e+02
   4.1001390e+02   3.9635703e+02
   4.1281207e+02   3.5827151e+02
   4.1473270e+02   4.1165101e+02
   4.1581766e+02   4.3924341e+02
   4.1666942e+02   4.8665148e+02
   4.1710540e+02   3.4934891e+02
   4.1804276e+02   4.2618239e+02
   4.1851309e+02   3.9183915e+02
   4.1913925e+02   3.7151299e+02
   4.1918318e+02   4.4033940e+02
   4.1918318e+02   4.8142022e+02
   4.1918318e+02   4.1266323e+02
   4.1800192e+02   3.4686903e+02
   4.1717123e+02   3.9615673e+02
   4.1621474e+02   4.7332394e+02
   4.1463530e+02   3.8882928e+02
   4.1347643e+02   4.1885409e+02
   4.1309522e+02   4.8443402e+02
   4.1122274e+02   4.5236676e+02
   4.1050601e+02   3.0954704e+02
   4.0945189e+02   4.5190460e+02
   4.0885240e+02   4.0758724e+02
   4.0805061e+02   4.3132837e+02
   4.0805061e+02   3.5390445e+02
   4.0805061e+02   4.3636206e+02
   4.0844588e+02   3.6420599e+02
   4.0968847e+02   4.6975439e+02
   4.1288181e+02   3.2348555e+02
   4.1694788e+02   3.6438562e+02
   4.2274564e+02   3.8061736e+02
   4.2627359e+02   4.0004471e+02
   4.2916887e+02   4.6781063e+02
   4.3013179e+02   4.5501584e+02
   4.3027820e+02   4.4187942e+02
   4.3042963e+02   3.5678676e+02
   4.3042963e+02   4.2051285e+02
   4.3082155e+02   4.7850353e+02
   4.3082155e+02   5.3007187e+02
   4.3082155e+02   3.8268259e+02
   4.3072825e+02   3.6956313e+02
   4.2984928e+02   3.8743391e+02
   4.2861681e+02   4.3159480e+02
   4.2730815e+02   4.7072708e+02
   4.2615409e+02   5.1606496e+02
   4.2514280e+02   4.8381411e+02
   4.2412108e+02   4.1446138e+02
   4.2319597e+02   4.8762622e+02
   4.2211259e+02   4.8242498e+02
   4.2111705e+02   4.3174402e+02
   4.2013045e+02   4.4661699e+02
   4.1904829e+02   3.8635951e+02
   4.1794261e+02   3.9669406e+02
   4.1718686e+02   3.9920011e+02
   4.1611864e+02   3.8090103e+02
   4.1502525e+02   4.0201907e+02
   4.1463577e+02   4.7964820e+02
   4.1427670e+02   3.6933077e+02
   4.1404572e+02   4.4905131e+02
   4.1404572e+02   3.5150624e+02
   4.1404572e+02   4.5163376e+02
   4.1404572e+02   3.6169692e+02
   4.1404572e+02   3.1165334e+02
   4.1370390e+02   4.0390426e+02
   4.1340795e+02   3.8413275e+02
   4.1299119e+02   4.4749760e+02
   4.1291328e+02   4.5373512e+02
   4.1289019e+02   3.9845376e+02
   4.1289019e+02   3.9896360e+02
   4.1197551e+02   3.9302172e+02
   4.1056843e+02   4.3189614e+02
   4.0882318e+02   4.5038952e+02
   4.0687383e+02   4.1667439e+02
   4.0517920e+02   3.3359308e+02
   4.0352293e+02   4.9065625e+02
   4.0213502e+02   4.4001217e+02
   4.0056031e+02   3.7502484e+02
   3.9919699e+02   3.7149987e+02
   3.9809779e+02   4.0350351e+02
   3.9726821e+02   3.8665169e+02
   3.9591992e+02   3.1090673e+02
   3.9466052e+02   3.9787521e+02
   3.9228312e+02   3.9724933e+02
   3.8923776e+02   3.9504653e+02
   3.8674876e+02   4.3644377e+02
   3.8363296e+02   4.6903263e+02
   3.7987441e+02   4.5953499e+02
   3.7761733e+02   3.1136198e+02
   3.7580532e+02   3.3681118e+02
   3.7477819e+02   4.6093158e+02
   3.7477819e+02   2.8263540e+02
   3.7477819e+02   3.1904774e+02
   3.7540452e+02   4.5072748e+02
   3.7540452e+02   3.0519098e+02
   3.7540452e+02   3.8870900e+02
   3.7461534e+02   4.2497069e+02
   3.7306007e+02   3.4260287e+02
   3.7040820e+02   4.0916083e+02
   3.6838241e+02   2.5579866e+02
   3.6768962e+02   3.4401194e+02
   3.6492350e+02   3.8550733e+02
   3.6288913e+02   3.3315919e+02
   3.6079416e+02   3.5997491e+02
   3.5893786e+02   3.8610918e+02
   3.5609179e+02   4.1283432e+02
   3.5520567e+02   2.7371735e+02
   3.5340606e+02   3.2097513e+02
   3.5165693e+02   4.4699607e+02
   3.4934836e+02   3.7388948e+02
   3.4733169e+02   3.3514942e+02
   3.4533396e+02   3.4943282e+02
   3.4347149e+02   4.3966584e+02
   3.4151259e+02   4.3571516e+02
   3.4056287e+02   2.5758149e+02
   3.4000917e+02   3.6810404e+02
   3.3856294e+02   4.1863458e+02
   3.3723793e+02   3.3848522e+02
   3.3723793e+02   1.9124396e+02
   3.3723793e+02   3.2186577e+02
   3.3769578e+02   3.2099711e+02
   3.3965487e+02   3.0215313e+02
   3.4207004e+02   4.0553005e+02
   3.4419602e+02   4.7081467e+02
   3.4568824e+02   3.6340381e+02
   3.4646529e+02   3.6960483e+02
   3.4646529e+02   4.2040038e+02
   3.4646529e+02   3.4107552e+02
   3.4609518e+02   2.9455774e+02
   3.4528142e+02   3.3634344e+02
   3.4450218e+02   3.9261271e+02
   3.4373485e+02   2.9479969e+02
   3.4260527e+02   3.5807994e+02
   3.4176789e+02   3.2643492e+02
   3.4011743e+02   3.3529974e+02
   3.3831396e+02   3.8804777e+02
   3.3620919e+02   3.1724130e+02
   3.3447763e+02   3.2554196e+02
   3.3295139e+02   3.3933192e+02
   3.3203994e+02   3.0119592e+02
   3.3097442e+02   3.6191611e+02
   3.2969624e+02   2.5911934e+02
   3.2909264e+02   3.1987727e+02
   3.2765380e+02   2.0839338e+02
   3.2659646e+02   3.6573594e+02
   3.2599571e+02   2.7997391e+02
   3.2517285e+02   2.8690239e+02
   3.2517285e+02   2.5078013e+02
   3.2517285e+02   3.8072993e+02
   3.2625669e+02   3.4725212e+02
   3.2760917e+02   3.0653882e+02
   3.3011645e+02   2.7866558e+02
   3.3240009e+02   3.8904351e+02
   3.3489185e+02   2.8305179e+02
   3.3648692e+02   2.8398438e+02
   3.3763139e+02   3.5437296e+02
   3.3763139e+02   2.7877023e+02
   3.3763139e+02   3.4612224e+02
   3.3712455e+02   2.8876017e+02
   3.3587452e+02   4.2157056e+02
   3.3492076e+02   4.1660978e+02
   3.3343050e+02   3.2948256e+02
   3.3183422e+02   3.2514874e+02
   3.3041109e+02   3.2810873e+02
   3.2892535e+02   5.0776694e+02
   3.2732445e+02   3.0164427e+02
   3.2576938e+02   2.0793270e+02
   3.2441959e+02   3.1506460e+02
   3.2395195e+02   3.1327680e+02
   3.2291003e+02   2.1995164e+02
   3.2173201e+02   3.2953723e+02
   3.2077125e+02   4.1514853e+02
   3.1946173e+02   2.9367395e+02
   3.1780731e+02   2.2821560e+02
   3.1631954e+02   2.8573614e+02
   3.1460615e+02   3.5427278e+02
   3.1264483e+02   2.9417861e+02
   3.1138383e+02   1.9326192e+02
   3.0980124e+02   3.5501847e+02
   3.0936170e+02   3.5443968e+02
   3.0936170e+02   1.9781410e+02
   3.0934970e+02   3.0696625e+02
   3.0930659e+02   3.7084666e+02
   3.0930659e+02   3.4225542e+02
   3.0867637e+02   2.6265604e+02
   3.0834655e+02   3.5541438e+02
   3.0768722e+02   2.6657338e+02
   3.0652989e+02   2.0013373e+02
   3.0640563e+02   3.3428830e+02
   3.0561095e+02   3.2446461e+02
   3.0480690e+02   3.5820039e+02
   3.0375731e+02   2.4082190e+02
   3.0274629e+02   3.6872890e+02
   3.0151028e+02   2.9391801e+02
   3.0064256e+02   3.4305793e+02
   2.9907924e+02   2.1855396e+02
   2.9750801e+02   2.4454339e+02
   2.9574283e+02   2.7540093e+02
   2.9433544e+02   2.7712748e+02
   2.9271650e+02   2.9093676e+02
   2.9130224e+02   3.5139602e+02
   2.9025362e+02   3.6210194e+02
   2.8890284e+02   3.0420335e+02
   2.8731865e+02   2.9849925e+02
   2.8549147e+02   2.9185170e+02
   2.8381583e+02   2.6730893e+02
   2.8247392e+02   2.5583511e+02
   2.8164648e+02   3.0081100e+02
   2.7977081e+02   2.7456635e+02
   2.7831707e+02   3.6347558e+02
   2.7753002e+02   3.3137814e+02
   2.7659036e+02   3.2030452e+02
   2.7488991e+02   3.2469110e+02
   2.7488991e+02   2.2061080e+02
   2.7488991e+02   1.3189210e+02
   2.7488991e+02   2.5045094e+02
   2.7457306e+02   2.2377506e+02
   2.7406913e+02   2.9234349e+02
   2.7405599e+02   3.4344458e+02
   2.7318445e+02   3.1106608e+02
   2.7150680e+02   2.5715525e+02
   2.7122975e+02   1.9594272e+02
   2.6991652e+02   2.4252650e+02
   2.6846506e+02   3.2830190e+02
   2.6595317e+02   2.5826873e+02
   2.6373984e+02   3.3450447e+02
   2.6182417e+02   2.3052190e+02
   2.5958342e+02   1.4502931e+02
   2.5818398e+02   2.4821121e+02
   2.5733359e+02   1.9002476e+02
   2.5676533e+02   3.0427874e+02
   2.5507505e+02   2.7320414e+02
   2.5389445e+02   3.0638014e+02
   2.5266601e+02   1.5613926e+02
   2.5185778e+02   2.9952076e+02
   2.5068470e+02   2.8384034e+02
   2.5024168e+02   1.6062195e+02
   2.4964122e+02   3.1041945e+02
   2.4922800e+02   3.8277945e+02
   2.4804826e+02   2.4462764e+02
   2.4674634e+02   2.7950379e+02
   2.4521436e+02   2.7305594e+02
   2.4382291e+02   1.8264125e+02
   2.3969222e+02   2.4635255e+02
   2.3786447e+02   2.0312012e+02
   2.3786447e+02   2.4516357e+02
   2.3786447e+02   2.6522107e+02
   2.4099922e+02   2.5541549e+02
   2.4256202e+02   1.6289328e+02
   2.4283645e+02   3.4836108e+02
   2.4283645e+02   2.6830300e+02
   2.4283645e+02   2.0898988e+02
   2.4134502e+02   3.0427647e+02
   2.4074979e+02   2.1077828e+02
   2.3955102e+02   2.2299608e+02
   2.3899124e+02   2.6947536e+02
   2.3832013e+02   2.4289045e+02
   2.3715716e+02   2.3249684e+02
   2.3589346e+02   1.6732273e+02
   2.3499921e+02   2.4779910e+02
   2.3486182e+02   2.4519995e+02
   2.3461247e+02   2.2025677e+02
   2.3456107e+02   2.9655016e+02
   2.3385451e+02   2.6966662e+02
   2.3339580e+02   2.2626422e+02
   2.3261008e+02   2.4044468e+02
   2.3142679e+02   1.1768425e+02
   2.3134010e+02   1.6098083e+02
   2.3134010e+02   2.1230988e+02
   2.3103738e+02   1.5787280e+02
   2.3103738e+02   2.0220246e+02
   2.3103738e+02   2.9823840e+02
   2.3103738e+02   2.4760871e+02
   2.3090176e+02   1.1434523e+02
   2.3084568e+02   2.2037017e+02
   2.3044206e+02   3.4646633e+02
   2.2972759e+02   1.7959527e+02
   2.2936069e+02   6.9626021e+01
   2.2908527e+02   1.3663278e+02
   2.2842482e+02   1.8242417e+02
   2.2830762e+02   2.4185521e+02
   2.2818692e+02   1.8609589e+02
   2.2805149e+02   2.6342131e+02
   2.2753349e+02   2.2261108e+02
   2.2678626e+02   1.7836690e+02
   2.2561410e+02   3.0073617e+02
   2.2406010e+02   1.7535036e+02
   2.2197764e+02   1.4605909e+02
   2.2135558e+02   1.8294516e+02
   2.2090148e+02   2.8037754e+02
   2.2052877e+02   2.9677020e+02
   2.2010024e+02   1.0062542e+02
   2.2003250e+02   2.3333600e+02
   2.1996020e+02   2.0073369e+02
   2.1996020e+02   2.1415309e+02
   2.1995859e+02   9.7631067e+01
   2.1963361e+02   1.9660838e+02
   2.1912491e+02   1.9950132e+02
   2.1912491e+02   1.7707018e+02
   2.1912491e+02   2.6709298e+02
   2.1919115e+02   2.8605276e+02
   2.1939754e+02   2.6779739e+02
   2.1965998e+02   1.4398150e+02
   2.1994913e+02   1.3961657e+02
   2.2074635e+02   2.5454146e+02
   2.2098351e+02   1.3616314e+02
   2.2098351e+02   1.9345130e+02
   2.2098351e+02   1.7475063e+02
   2.2094850e+02   2.6383632e+02
   2.2078532e+02   1.6179353e+02
   2.1996731e+02   1.8568015e+02
   2.1926015e+02   1.3402332e+02
   2.1880295e+02   2.4590363e+02
   2.1847597e+02   1.9597559e+02
   2.1753611e+02   1.0906292e+02
   2.1747558e+02   2.2333747e+02
   2.1747048e+02   2.3948233e+02
   2.1664850e+02   1.5137949e+02
   2.1653530e+02   2.4477287e+02
   2.1650547e+02   2.0512060e+02
   2.1650547e+02   1.2831329e+02
   2.1650547e+02   1.7257394e+02
   2.1659974e+02   1.6750501e+02
   2.1659974e+02   2.0528377e+02
   2.1659974e+02   1.3383481e+02
   2.1649428e+02   2.3379646e+02
   2.1595938e+02   1.5884360e+02
   2.1518035e+02   2.2844067e+02
   2.1399436e+02   1.8199620e+02
   2.1383558e+02   2.2428377e+02
   2.1383558e+02   1.8536019e+02
   2.1383558e+02   2.4423751e+02
   2.1409140e+02   2.3528779e+02
   2.1409140e+02   1.9711849e+02
   2.1409140e+02   2.1713982e+02
   2.1399578e+02   2.3452129e+02
   2.1399578e+02   1.8366733e+02
   2.1399578e+02   3.1577708e+02
   2.1416304e+02   2.4306015e+02
   2.1475577e+02   9.7812467e+01
   2.1502711e+02   2.3016384e+02
   2.1564880e+02   2.6721051e+02
   2.1564880e+02   1.7591407e+02
   2.1564880e+02   1.6068640e+02
   2.1564880e+02   2.4665988e+02
   2.1564880e+02   1.9022209e+02
   2.1564880e+02   1.8974012e+02
   2.1568483e+02   2.0157741e+02
   2.1601777e+02   1.6051610e+02
   2.1647575e+02   2.5218905e+02
   2.1672187e+02   2.0456097e+02
   2.1715421e+02   2.8227452e+02
   2.1720210e+02   2.5348428e+02
   2.1733491e+02   2.0426011e+02
   2.1741361e+02   2.4200971e+02
   2.1776988e+02   1.7932594e+02
   2.1808837e+02   2.9325524e+02
   2.1824738e+02   1.4847174e+02
   2.1931614e+02   2.4674019e+02
   2.2069010e+02   2.3963345e+02
   2.2158938e+02   2.7674380e+02
   2.2263311e+02   1.9682547e+02
   2.2402160e+02   2.3709613e+02
   2.2544180e+02   2.3215248e+02
   2.2645675e+02   2.6329616e+02
   2.2823220e+02   1.7902701e+02
   2.2968262e+02   2.5005986e+02
   2.3161091e+02   2.4804007e+02
   2.3256514e+02   2.8372532e+02
   2.3320786e+02   2.4621949e+02
   2.3474042e+02   1.8042415e+02
   2.3660709e+02   1.9714289e+02
   2.3775756e+02   1.8664647e+02
   2.3895974e+02   1.6728524e+02
   2.3903242e+02   1.9067367e+02
   2.3903242e+02   2.2015116e+02
   2.3903242e+02   2.2327873e+02
   2.3903242e+02   1.8179280e+02
   2.3903242e+02   3.0414143e+02
   2.3903242e+02   2.7108046e+02
   2.3908592e+02   2.7471794e+02
   2.3938780e+02   2.5079378e+02
   2.3965183e+02   2.9556157e+02
   2.3965183e+02   2.7282212e+02
   2.3970348e+02   1.6640748e+02
   2.3970348e+02   2.0584709e+02
   2.4003458e+02   2.6021908e+02
   2.4013387e+02   2.2381197e+02
   2.4073542e+02   2.5985405e+02
   2.4112860e+02   2.3978849e+02
   2.4238821e+02   2.0862129e+02
   2.4244562e+02   2.4146438e+02
   2.4263051e+02   2.4098434e+02
   2.4269464e+02   3.8892893e+02
   2.4373861e+02   3.2254580e+02
   2.4389033e+02   2.4910495e+02
   2.4567576e+02   2.9612323e+02
   2.4627259e+02   2.5891833e+02
   2.4654533e+02   1.5577203e+02
   2.4654533e+02   2.7826813e+02
   2.4654533e+02   2.6215573e+02
   2.4654533e+02   3.4830076e+02
   2.4662401e+02   2.8226875e+02
   2.4662401e+02   2.7078555e+02
   2.4690059e+02   2.4890103e+02
   2.4722544e+02   3.0459111e+02
   2.4762255e+02   2.0528576e+02
   2.4771699e+02   2.5353338e+02
   2.4831410e+02   2.6964869e+02
   2.4834618e+02   2.6615664e+02
   2.4834618e+02   3.4064303e+02
   2.4834618e+02   2.4582872e+02
   2.4844584e+02   2.5217770e+02
   2.4844584e+02   3.0357667e+02
   2.4910592e+02   1.9432263e+02
   2.4937826e+02   2.6355648e+02
   2.4985421e+02   2.0527042e+02
   2.5114578e+02   2.4693758e+02
   2.5156640e+02   2.6526899e+02
   2.5191704e+02   3.0363053e+02
   2.5245996e+02   2.5847637e+02
   2.5342469e+02   2.5920954e+02
   2.5417808e+02   2.2966946e+02
   2.5541985e+02   1.9386362e+02
   2.5669665e+02   2.2261510e+02
   2.5876810e+02   2.7562994e+02
   2.6084095e+02   3.4808030e+02
   2.6263143e+02   3.2883979e+02
   2.6459069e+02   2.1961467e+02
   2.6684556e+02   2.6834252e+02
   2.6939937e+02   2.3608208e+02
   2.7242067e+02   3.1309731e+02
   2.7570159e+02   2.7257641e+02
   2.7882553e+02   1.9792652e+02
   2.8141514e+02   2.9080986e+02
   2.8413989e+02   3.6440952e+02
   2.8548181e+02   1.6079750e+02
   2.8737763e+02   2.6229639e+02
   2.8944160e+02   2.3346204e+02
   2.9240211e+02   2.2645246e+02
   2.9413139e+02   1.9217859e+02
   2.9577764e+02   3.3247265e+02
   2.9698399e+02   2.6486963e+02
   2.9740254e+02   2.8040895e+02
   2.9758520e+02   3.1989591e+02
   2.9772418e+02   3.0586458e+02
   2.9892765e+02   3.3344447e+02
   2.9998894e+02   2.6440735e+02
   3.0133911e+02   2.9007135e+02
   3.0213105e+02   3.4345080e+02
   3.0355188e+02   3.4333483e+02
   3.0412068e+02   2.6507911e+02
   3.0594201e+02   4.0299890e+02
   3.0823854e+02   2.6425026e+02
   3.1013558e+02   1.8463894e+02
   3.1242776e+02   3.1030957e+02
   3.1459379e+02   2.2116120e+02
   3.1540279e+02   1.7825311e+02
   3.1651251e+02   2.8384842e+02
   3.1746175e+02   3.2160541e+02
   3.1784235e+02   3.2184258e+02
   3.1980683e+02   2.9710080e+02
   3.2178632e+02   3.2073274e+02
   3.2411830e+02   3.1088711e+02
   3.2770721e+02   3.5474234e+02
   3.3138486e+02   2.9448980e+02
   3.3401011e+02   2.9266907e+02
   3.3642827e+02   4.4424724e+02
   3.3705672e+02   4.4316077e+02
   3.3828611e+02   3.2406131e+02
   3.4062305e+02   3.7422114e+02
   3.4255836e+02   4.3007728e+02
   3.4498055e+02   2.6571472e+02
   3.4846077e+02   2.0264458e+02
   3.5047892e+02   4.1596893e+02
   3.5252211e+02   3.7801076e+02
   3.5535913e+02   2.7121888e+02
   3.5793353e+02   3.7223165e+02
   3.6035598e+02   4.1405108e+02
   3.6399286e+02   4.7450979e+02
   3.6675392e+02   3.3478912e+02
   3.6814577e+02   3.4705391e+02
   3.7018632e+02   3.3702356e+02
   3.7332326e+02   2.4873605e+02
   3.7632886e+02   3.1589139e+02
   3.7967476e+02   4.3813781e+02
   3.8356238e+02   3.5407791e+02
   3.8665587e+02   3.9054132e+02
   3.8881209e+02   2.9207670e+02
   3.9030048e+02   4.7617268e+02
   3.9071759e+02   4.7389358e+02
   3.9134985e+02   3.3002983e+02
   3.9270849e+02   3.2518573e+02
   3.9428909e+02   4.6453342e+02
   3.9569665e+02   4.5812876e+02
   3.9862774e+02   4.2006387e+02
   4.0162093e+02   3.9982055e+02
   4.0458369e+02   4.4520272e+02
   4.0662033e+02   4.2688318e+02
   4.0950633e+02   3.6378716e+02
   4.1172155e+02   5.1866484e+02
   4.1334672e+02   3.8856565e+02
   4.1537478e+02   3.6376141e+02
   4.1812619e+02   4.0137037e+02
   4.1913716e+02   4.4247583e+02
   4.2038829e+02   3.7961852e+02
   4.2269775e+02   3.3617642e+02
   4.2417537e+02   3.7975079e+02
   4.2504476e+02   4.3116126e+02
   4.2638023e+02   4.2678600e+02
   4.2638023e+02   3.3642603e+02
   4.2638023e+02   3.9572411e+02
   4.2638023e+02   4.2641298e+02
   4.2638023e+02   3.6240524e+02
   4.2661825e+02   4.5523759e+02
   4.2827706e+02   4.6996491e+02
   4.3008453e+02   4.2972265e+02
   4.3210810e+02   4.9116070e+02
   4.3411773e+02   4.8003434e+02
   4.3545443e+02   4.5178364e+02
   4.3555153e+02   4.9311337e+02
   4.3562830e+02   3.9984636e+02
   4.3619012e+02   4.1236692e+02
   4.3655441e+02   4.1886903e+02
   4.3737194e+02   4.9798575e+02
   4.3887747e+02   4.9290590e+02
   4.4003643e+02   5.0572360e+02
   4.4104424e+02   4.5439030e+02
   4.4177194e+02   4.9213316e+02
   4.4261134e+02   4.2141688e+02
   4.4394279e+02   4.7561022e+02
   4.4546653e+02   4.5447246e+02
   4.4608794e+02   4.0048576e+02
   4.4736169e+02   4.5661660e+02
   4.4919785e+02   4.8710639e+02
   4.5002009e+02   3.9764013e+02
   4.5137015e+02   4.3444734e+02
   4.5355211e+02   5.9333793e+02
   4.5535336e+02   5.0279116e+02
   4.5692112e+02   5.1685192e+02
   4.5893109e+02   4.5411563e+02
   4.6088776e+02   4.5987609e+02
   4.6235480e+02   4.6671882e+02
   4.6289500e+02   3.6990788e+02
   4.6290995e+02   4.1485991e+02
   4.6295912e+02   5.2892438e+02
   4.6352407e+02   4.9520331e+02
   4.6468240e+02   4.3086994e+02
   4.6593253e+02   6.0765884e+02
   4.6794204e+02   5.8012896e+02
   4.7019569e+02   4.5960943e+02
   4.7153478e+02   4.4268735e+02
   4.7177518e+02   5.1997462e+02
   4.7320541e+02   4.6483907e+02
   4.7457674e+02   5.0964738e+02
   4.7577694e+02   4.7438640e+02
   4.7727614e+02   5.2470313e+02
   4.7950848e+02   4.2758154e+02
   4.8109693e+02   4.6428262e+02
   4.8274993e+02   4.9765466e+02
   4.8351002e+02   4.4023556e+02
   4.8468940e+02   4.1943227e+02
   4.8611160e+02   4.0651723e+02
   4.8708600e+02   5.3436064e+02
   4.8751762e+02   5.4443898e+02
   4.8800044e+02   3.8277534e+02
   4.8804899e+02   4.7707409e+02
   4.8844490e+02   4.2750711e+02
   4.8944622e+02   5.0254912e+02
   4.9071618e+02   4.8739745e+02
   4.9224315e+02   3.8756777e+02
   4.9394161e+02   5.8522340e+02
   4.9499002e+02   4.9158105e+02
   4.9528459e+02   4.1020180e+02
   4.9539881e+02   6.2339738e+02
   4.9550123e+02   6.1460531e+02
   4.9580867e+02   5.0295649e+02
   4.9642710e+02   4.6638602e+02
   4.9659253e+02   5.6347045e+02
   4.9740710e+02   5.5761469e+02
   4.9792689e+02   3.5560777e+02
   4.9849475e+02   4.4209176e+02
   4.9892827e+02   4.5053907e+02
   4.9923212e+02   4.7792531e+02
   4.9934455e+02   5.2975345e+02
   4.9934455e+02   4.2580317e+02
   4.9943005e+02   5.0179251e+02
   4.9953050e+02   5.2547593e+02
   4.9953050e+02   3.2654272e+02
   4.9974436e+02   5.8749980e+02
   5.0003406e+02   4.1436469e+02
   5.0076253e+02   4.7674026e+02
   5.0107584e+02   4.7450725e+02
   5.0122571e+02   5.2998110e+02
   5.0162183e+02   5.4502534e+02
   5.0198505e+02   4.0009199e+02
   5.0198505e+02   5.6024411e+02
   5.0224586e+02   5.2549933e+02
   5.0224586e+02   5.0793449e+02
   5.0224586e+02   4.1857907e+02
   5.0224586e+02   5.0897924e+02
   5.0241207e+02   5.4165646e+02
   5.0390040e+02   4.9458357e+02
   5.0535262e+02   5.1084317e+02
   5.0615658e+02   4.6413914e+02
   5.0692767e+02   4.0758650e+02
   5.0707321e+02   4.7977714e+02
   5.0709563e+02   4.4355171e+02
   5.0793745e+02   5.2695337e+02
   5.0825177e+02   5.2792400e+02
   5.0835609e+02   4.1109231e+02
   5.0974263e+02   4.2488511e+02
   5.1070172e+02   4.8622248e+02
   5.1091728e+02   4.5658906e+02
   5.1128536e+02   4.7889423e+02
   5.1169662e+02   5.1337496e+02
   5.1169662e+02   5.7967172e+02
   5.1169662e+02   4.8404591e+02
   5.1116122e+02   5.3597796e+02
   5.1004410e+02   5.1994716e+02
   5.0927590e+02   4.5003340e+02
   5.0901490e+02   5.1951765e+02
   5.0901490e+02   4.7223381e+02
   5.0901490e+02   4.5448138e+02
   5.0954329e+02   5.2714435e+02
   5.0970018e+02   5.1622063e+02
   5.1104866e+02   5.4596583e+02
   5.1126079e+02   4.9405656e+02
   5.1185555e+02   4.9574591e+02
   5.1188707e+02   4.5655345e+02
   5.1188707e+02   5.3867734e+02
   5.1188707e+02   4.9969452e+02
   5.1079866e+02   5.2135617e+02
   5.0950023e+02   4.9494452e+02
   5.0936318e+02   5.1019766e+02
   5.0824291e+02   5.1674716e+02
   5.0712155e+02   4.1807681e+02
   5.0712155e+02   5.0388710e+02
   5.0712155e+02   4.7095821e+02
   5.0741089e+02   4.6733557e+02
   5.0815848e+02   5.4303284e+02
   5.0950227e+02   5.3929109e+02
   5.0950227e+02   5.0189223e+02
   5.0950227e+02   5.0715405e+02
   5.0968711e+02   5.1490656e+02
   5.0968711e+02   5.1356935e+02
   5.1001217e+02   4.5005634e+02
   5.1053110e+02   5.7525761e+02
   5.1166572e+02   5.1730075e+02
   5.1216307e+02   6.1871317e+02
   5.1216307e+02   5.0060463e+02
   5.1216307e+02   5.5206625e+02
   5.1216307e+02   5.5659148e+02
   5.1216747e+02   5.3002152e+02
   5.1216747e+02   4.1287306e+02
   5.1263671e+02   4.6232185e+02
   5.1320326e+02   5.1828851e+02
   5.1357917e+02   5.7043654e+02
   5.1374831e+02   5.3479161e+02
   5.1403651e+02   5.2620418e+02
   5.1493408e+02   5.3607051e+02
   5.1563095e+02   5.3666352e+02
   5.1563095e+02   4.6465606e+02
   5.1563095e+02   5.7769503e+02
   5.1483553e+02   4.9982474e+02
   5.1364509e+02   4.2387441e+02
   5.1247768e+02   4.8897585e+02
   5.1219395e+02   4.5769796e+02
   5.1219395e+02   5.3975053e+02
   5.1219395e+02   5.5162524e+02