   3.6925994e+02   4.0371289e+02
   3.6763282e+02   4.1824345e+02
   3.6760846e+02   3.7335929e+02
   3.6729490e+02   3.2570146e+02
   3.6723809e+02   3.8599452e+02
   3.6723809e+02   3.8447769e+02
   3.6723809e+02   3.1995900e+02
   3.6733426e+02   3.7052690e+02
   3.6754142e+02   3.1202631e+02
   3.6818138e+02   3.3723298e+02
   3.6887592e+02   3.7732165e+02
   3.7011997e+02   3.3788795e+02
   3.7086650e+02   3.6275195e+02
   3.7217709e+02   3.4725877e+02
   3.7347448e+02   3.2548820e+02
   3.7511519e+02   4.5816870e+02
   3.7588438e+02   3.4498733e+02
   3.7678953e+02   3.3172514e+02
   3.7697924e+02   4.0347007e+02
   3.7788769e+02   4.3280544e+02
   3.7820858e+02   3.9442289e+02
   3.7828586e+02   2.9946661e+02
   3.7832443e+02   3.9138613e+02
   3.7883091e+02   3.8434121e+02
   3.7896017e+02   4.1895820e+02
   3.7925958e+02   3.8969270e+02
   3.8002694e+02   3.9929007e+02
   3.8069394e+02   4.2186240e+02
   3.8082259e+02   4.5126150e+02
   3.8122729e+02   3.7951927e+02
   3.8150212e+02   3.8988423e+02
   3.8265069e+02   3.4284602e+02
   3.8266124e+02   3.8445063e+02
   3.8287831e+02   4.1608665e+02
   3.8305938e+02   2.9735937e+02
   3.8368776e+02   3.7241595e+02
   3.8379805e+02   4.4919913e+02
   3.8393906e+02   4.0011264e+02
   3.8393906e+02   3.7957210e+02
   3.8393906e+02   3.4093440e+02
   3.8379805e+02   3.7001058e+02
   3.8324317e+02   4.3612329e+02
   3.8252768e+02   4.1140134e+02
   3.8124957e+02   3.3566445e+02
   3.8051420e+02   3.5403146e+02
   3.8008614e+02   3.7670270e+02
   3.7940164e+02   3.9577519e+02
   3.7896468e+02   3.6283130e+02
   3.7849998e+02   3.6524582e+02
   3.7790289e+02   3.2596822e+02
   3.7737411e+02   4.7222691e+02
   3.7693389e+02   4.3228441e+02
   3.7587451e+02   3.6993343e+02
   3.7475834e+02   3.4603954e+02
   3.7367074e+02   4.2388751e+02
   3.7254728e+02   4.2564529e+02
   3.7143468e+02   3.9041218e+02
   3.7053188e+02   3.2882338e+02
   3.6868295e+02   3.7438977e+02
   3.6773480e+02   4.6254124e+02
   3.6733972e+02   3.8236000e+02
   3.6686865e+02   2.8238664e+02
   3.6656559e+02   3.7598796e+02
   3.6656559e+02   4.1490158e+02
   3.6656559e+02   4.1051406e+02
   3.6737425e+02   3.4269523e+02
   3.6806800e+02   3.6318088e+02
   3.6830673e+02   3.8742542e+02
   3.6830673e+02   4.3488833e+02
   3.6830673e+02   3.7237102e+02
   3.6826227e+02   3.4071855e+02
   3.6719416e+02   3.6483374e+02
   3.6660794e+02   3.7658698e+02
   3.6569491e+02   4.5115364e+02
   3.6435044e+02   3.4591266e+02
   3.6353783e+02   3.4829539e+02
   3.6259021e+02   3.7309319e+02
   3.6209108e+02   3.9291680e+02
   3.6128613e+02   3.6857792e+02
   3.5979111e+02   3.3916297e+02
   3.5825180e+02   3.3796428e+02
   3.5695908e+02   3.9225994e+02
   3.5552564e+02   3.1884771e+02
   3.5446099e+02   2.9127934e+02
   3.5302461e+02   3.2300082e+02
   3.5227889e+02   3.8637538e+02
   3.5183274e+02   4.0656448e+02
   3.5183274e+02   3.9814303e+02
   3.5183274e+02   2.9861207e+02
   3.5183274e+02   2.8222304e+02
   3.5224007e+02   4.3254192e+02
   3.5224007e+02   3.8333494e+02
   3.5224007e+02   3.5180019e+02
   3.5116886e+02   3.6135250e+02
   3.5101352e+02   4.1305366e+02
   3.5020147e+02   3.6240701e+02
   3.4877714e+02   3.1506565e+02
   3.4761617e+02   3.1241917e+02
   3.4744678e+02   3.3047552e+02
   3.4735274e+02   3.7720738e+02
   3.4735274e+02   3.8084075e+02
   3.4735274e+02   3.1066747e+02
   3.4822679e+02   3.5687429e+02
   3.4822679e+02   3.7739583e+02
   3.4822679e+02   3.3634361e+02
   3.4719041e+02   3.5161935e+02
   3.4656877e+02   3.0385306e+02
   3.4615936e+02   3.2979972e+02
   3.4522293e+02   3.4694705e+02
   3.4418505e+02   3.5432325e+02
   3.4302359e+02   2.7623731e+02
   3.4302359e+02   3.7198707e+02
   3.4196407e+02   3.7485464e+02
   3.4196407e+02   3.5496634e+02
   3.4196407e+02   3.1508667e+02
   3.4196407e+02   3.4288938e+02
   3.3857402e+02   3.3089602e+02
   3.3740773e+02   3.6811338e+02
   3.3309216e+02   3.6263993e+02
   3.3260013e+02   3.0956013e+02
   3.3111346e+02   3.3290293e+02
   3.3028593e+02   3.6930620e+02
   3.2998961e+02   3.0752692e+02
   3.2947845e+02   2.9434559e+02
   3.2887337e+02   3.2832733e+02
   3.2852476e+02   3.9839409e+02
   3.2848593e+02   3.4365274e+02
   3.2837593e+02   2.9129286e+02
   3.2803257e+02   2.7449656e+02
   3.2731701e+02   3.3277761e+02
   3.2653479e+02   3.9333276e+02
   3.2621882e+02   3.4249830e+02
   3.2474800e+02   3.1063424e+02
   3.2420701e+02   2.7110017e+02
   3.2374206e+02   3.4591783e+02
   3.2231800e+02   3.7953538e+02
   3.2231782e+02   2.8509412e+02
   3.2214138e+02   2.9538749e+02
   3.2167210e+02   3.0233645e+02
   3.2117195e+02   3.1712924e+02
   3.2117135e+02   3.2150482e+02
   3.2099330e+02   2.7878872e+02
   3.2080621e+02   3.6051851e+02
   3.2043760e+02   3.6517108e+02
   3.1879869e+02   3.3207024e+02
   3.1840928e+02   2.7653957e+02
   3.1813984e+02   2.9568302e+02
   3.1776318e+02   3.3677127e+02
   3.1776318e+02   3.8953894e+02
   3.1776318e+02   3.5667295e+02
   3.1813984e+02   2.9332581e+02
   3.4407398e+02   3.7164347e+02
   3.4561610e+02   3.6711969e+02
   3.4625319e+02   3.8669070e+02
   3.4631334e+02   3.1239714e+02
   3.4631334e+02   2.7938161e+02
   3.4625319e+02   3.4909127e+02
   3.4625319e+02   4.0299303e+02
   3.4536520e+02   3.6017122e+02
   3.4473529e+02   3.2313128e+02
   3.4376263e+02   3.1479763e+02
   3.4248111e+02   4.0052560e+02
   3.4186079e+02   3.4063631e+02
   3.4186079e+02   3.1617032e+02
   3.4186079e+02   2.9663325e+02
   3.4230167e+02   3.7912187e+02
   3.4313416e+02   3.9281215e+02
   3.4401374e+02   3.3648453e+02
   3.4503835e+02   3.2110059e+02
   3.4503835e+02   3.9545510e+02
   3.4503835e+02   3.7842834e+02
   3.4455057e+02   3.1809678e+02
   3.4300846e+02   3.2304098e+02
   3.4086067e+02   3.7161805e+02
   3.3965623e+02   4.0570659e+02
   3.3798462e+02   4.2288519e+02
   3.3694844e+02   3.0403368e+02
   3.3526271e+02   2.7668577e+02
   3.3440465e+02   3.5744382e+02
   3.3398007e+02   3.8749951e+02
   3.3393233e+02   2.8919928e+02
   3.3326375e+02   3.0968349e+02
   3.3284285e+02   3.4181214e+02
   3.3157698e+02   3.7979067e+02
   3.3074876e+02   3.6069060e+02
   3.2964832e+02   2.9938004e+02
   3.2859348e+02   3.2685255e+02
   3.2769352e+02   3.2991319e+02
   3.2579225e+02   3.7315079e+02
   3.2378232e+02   3.1227434e+02
   3.2238100e+02   2.8093024e+02
   3.2132102e+02   3.0426066e+02
   3.2049933e+02   3.2659297e+02
   3.1976285e+02   3.6310890e+02
   3.1806788e+02   2.6562245e+02
   3.1806788e+02   2.7513646e+02
   3.1795439e+02   2.9447907e+02
   3.1795439e+02   3.2653891e+02
   3.1795439e+02   2.9182869e+02
   3.1765121e+02   2.9520332e+02
   3.1707911e+02   3.0567945e+02
   3.1707531e+02   3.9817224e+02
   3.1659024e+02   3.4595717e+02
   3.1652056e+02   2.4388948e+02
   3.1583091e+02   3.3243457e+02
   3.1583091e+02   3.0217808e+02
   3.1583091e+02   3.5537009e+02
   3.1602551e+02   3.1122975e+02
   3.1619340e+02   3.1086324e+02
   3.1628856e+02   3.0885205e+02
   3.1718406e+02   3.2129104e+02
   3.1814185e+02   3.0663841e+02
   3.1872796e+02   2.8269161e+02
   3.2211171e+02   2.8547540e+02
   3.2387132e+02   3.4680816e+02
   3.2483202e+02   2.8356889e+02
   3.3430035e+02   3.1608010e+02
   3.3506622e+02   2.7715550e+02
   3.3693494e+02   3.4948478e+02
   3.3975484e+02   3.3808661e+02
   3.4021537e+02   3.3175955e+02
   3.4048397e+02   3.2033506e+02
   3.4117575e+02   3.5343800e+02
   3.4247939e+02   3.3597585e+02
   3.4307901e+02   3.4208517e+02
   3.4380307e+02   3.3152084e+02
   3.4436681e+02   3.0343198e+02
   3.4604556e+02   3.5833198e+02
   3.4727256e+02   4.2064174e+02
   3.4784630e+02   3.2811693e+02
   3.4848170e+02   3.0200554e+02
   3.4993644e+02   3.7958564e+02
   3.5099269e+02   3.4859275e+02
   3.5151984e+02   3.2862855e+02
   3.5223116e+02   3.2509288e+02
   3.5259500e+02   3.7130025e+02
   3.5259500e+02   3.2732393e+02
   3.5259500e+02   3.7889760e+02
   3.5227193e+02   3.7207736e+02
   3.5176941e+02   3.7910207e+02
   3.5158139e+02   3.3338280e+02
   3.5095962e+02   3.8044243e+02
   3.5013535e+02   3.9398208e+02
   3.4968548e+02   3.1206179e+02
   3.4944741e+02   3.3803862e+02
   3.4944741e+02   3.5527347e+02
   3.4944741e+02   3.6625681e+02
   3.4964920e+02   3.2679908e+02
   3.5109352e+02   3.2005733e+02
   3.5328131e+02   3.5075926e+02
   3.5632963e+02   4.0562361e+02
   3.5944871e+02   3.6277940e+02
   3.6397973e+02   3.2510129e+02
   3.7496977e+02   3.4425749e+02
   3.8373795e+02   4.6135347e+02
   3.9069721e+02   3.6564691e+02
   3.9176233e+02   3.6994306e+02
   3.9535768e+02   3.8412201e+02
   3.9799559e+02   4.1615227e+02
   3.9913400e+02   3.9821337e+02
   3.9960312e+02   3.9232699e+02
   4.0064508e+02   3.3665208e+02
   4.0174021e+02   4.4426053e+02
   4.0247010e+02   4.8653891e+02
   4.0286105e+02   4.2034791e+02
   4.0310843e+02   3.8885239e+02
   4.0327924e+02   3.5731340e+02
   4.0399502e+02   4.3439900e+02
   4.0399502e+02   4.1771934e+02
   4.0399502e+02   4.3973651e+02
   4.0387118e+02   3.5989570e+02
   4.0382428e+02   4.5023392e+02
   4.0340167e+02   4.9056166e+02
   4.0305869e+02   4.3963673e+02
   4.0268605e+02   3.7634776e+02
   4.0190275e+02   3.9314211e+02
   4.0178656e+02   4.0654129e+02
   4.0149123e+02   3.7721805e+02
   4.0149123e+02   3.8968086e+02
   4.0149123e+02   3.5103862e+02
   4.0177513e+02   4.3994346e+02
   4.0346712e+02   4.3949037e+02
   4.0552675e+02   4.4561112e+02
   4.0738561e+02   3.8772448e+02
   4.0919292e+02   3.9039237e+02
   4.1167617e+02   3.5037180e+02
   4.1407628e+02   3.9512950e+02
   4.1561057e+02   4.1067476e+02
   4.1660574e+02   4.2596378e+02
   4.1716975e+02   4.3894122e+02
   4.1774702e+02   4.7610352e+02
   4.1859570e+02   4.0409567e+02
   4.1878948e+02   3.8881271e+02
   4.1878948e+02   4.0418408e+02
   4.1878948e+02   4.5872540e+02
   4.1838739e+02   4.4333198e+02
   4.1797318e+02   3.8337917e+02
   4.1714780e+02   3.1578034e+02
   4.1606306e+02   3.3909096e+02
   4.1500373e+02   4.4914325e+02
   4.1376836e+02   3.7678838e+02
   4.1217246e+02   4.2602847e+02
   4.1179358e+02   3.8302186e+02
   4.1054924e+02   4.3607182e+02
   4.0974492e+02   4.0317520e+02
   4.0906501e+02   4.0046251e+02
   4.0856577e+02   3.7285440e+02
   4.0856577e+02   4.0787628e+02
   4.0856577e+02   4.6570377e+02
   4.0916097e+02   4.4886423e+02
   4.1151496e+02   3.6873624e+02
   4.1357048e+02   3.9449655e+02
   4.1690236e+02   4.3237588e+02
   4.2220097e+02   4.8782694e+02
   4.2516068e+02   3.6505434e+02
   4.2724389e+02   4.1187605e+02
   4.2948523e+02   4.2737248e+02
   4.3051060e+02   4.4836717e+02
   4.3051151e+02   4.6519997e+02
   4.3051308e+02   3.2962100e+02
   4.3069765e+02   4.6776736e+02
   4.3069765e+02   4.6079337e+02
   4.3069765e+02   3.9404236e+02
   4.3020671e+02   4.2111006e+02
   4.2942937e+02   4.6380737e+02
   4.2856868e+02   4.5675615e+02
   4.2757296e+02   4.5431722e+02
   4.2633552e+02   3.8566522e+02
   4.2517951e+02   3.7765734e+02
   4.2404917e+02   4.3439351e+02
   4.2304247e+02   5.0315566e+02
   4.2221599e+02   4.1946476e+02
   4.2120859e+02   4.1979002e+02
   4.2010394e+02   4.4151131e+02
   4.1890618e+02   4.7377282e+02
   4.1808946e+02   4.4179477e+02
   4.1716076e+02   4.3324889e+02
   4.1614620e+02   3.2353425e+02
   4.1547444e+02   4.1391508e+02
   4.1472493e+02   4.2734707e+02
   4.1406503e+02   4.2180220e+02
   4.1406503e+02   3.7214856e+02
   4.1406503e+02   3.7899162e+02
   4.1390253e+02   5.2462568e+02
   4.1390253e+02   4.5356140e+02
   4.1348919e+02   3.6822221e+02
   4.1348919e+02   4.2213107e+02
   4.1339941e+02   4.4059879e+02
   4.1329728e+02   4.4117035e+02
   4.1329728e+02   3.7843494e+02
   4.1249669e+02   3.4504249e+02
   4.1166214e+02   3.6742298e+02
   4.1124957e+02   4.6591840e+02
   4.1057803e+02   3.9915446e+02
   4.0903902e+02   3.7107296e+02
   4.0691670e+02   4.1035931e+02
   4.0497124e+02   4.5103891e+02
   4.0355081e+02   4.2876088e+02
   4.0242431e+02   4.0313929e+02
   4.0091656e+02   4.3067935e+02
   3.9925570e+02   4.1093019e+02
   3.9811008e+02   4.6660532e+02
   3.9693704e+02   3.6469901e+02
   3.9609402e+02   3.7827475e+02
   3.9387949e+02   4.0273187e+02
   3.9116817e+02   3.8556033e+02
   3.8921848e+02   3.7507713e+02
   3.8660502e+02   3.2250092e+02
   3.8366987e+02   3.1761136e+02
   3.8080620e+02   4.2964450e+02
   3.7770017e+02   4.5303578e+02
   3.7671496e+02   3.7821585e+02
   3.7594704e+02   3.0391198e+02
   3.7562601e+02   3.4331040e+02
   3.7542048e+02   3.5187996e+02
   3.7513439e+02   3.5137572e+02
   3.7513439e+02   3.7991666e+02
   3.7509706e+02   3.3938759e+02
   3.7387366e+02   3.8669236e+02
   3.7262878e+02   3.7965036e+02
   3.7107618e+02   3.8962151e+02
   3.6913201e+02   3.5528666e+02
   3.6649199e+02   3.4718864e+02
   3.6493409e+02   3.9102970e+02
   3.6275651e+02   3.7426090e+02
   3.6098889e+02   3.3794720e+02
   3.5890600e+02   3.0116487e+02
   3.5708004e+02   3.6635954e+02
   3.5473155e+02   3.0906059e+02
   3.5328039e+02   3.8089193e+02
   3.5131691e+02   3.0428475e+02
   3.4928995e+02   3.7022307e+02
   3.4736297e+02   3.5993422e+02
   3.4571705e+02   3.1532513e+02
   3.4349962e+02   3.3487833e+02
   3.4214320e+02   3.5690097e+02
   3.4097012e+02   3.3527064e+02
   3.3965909e+02   3.6715685e+02
   3.3850722e+02   2.9687777e+02
   3.3824382e+02   2.2761796e+02
   3.3824382e+02   3.1654909e+02
   3.3824382e+02   4.4554339e+02
   3.3901053e+02   3.4572631e+02
   3.3997927e+02   2.8881008e+02
   3.4171751e+02   3.3743073e+02
   3.4356501e+02   3.6168421e+02
   3.4485766e+02   3.9248294e+02
   3.4615156e+02   3.5790224e+02
   3.4615156e+02   3.3731472e+02
   3.4615156e+02   3.9502112e+02
   3.4585886e+02   4.1276041e+02
   3.4507635e+02   3.0949475e+02
   3.4475628e+02   3.1155538e+02
   3.4390375e+02   3.1545706e+02
   3.4257395e+02   4.1139075e+02
   3.4090697e+02   3.7299324e+02
   3.3951833e+02   3.3835784e+02
   3.3827611e+02   2.5641669e+02
   3.3674336e+02   3.5800736e+02
   3.3487148e+02   3.6157125e+02
   3.3336030e+02   3.2547121e+02
   3.3180872e+02   2.6013474e+02
   3.3083241e+02   3.3875937e+02
   3.3015670e+02   4.3676494e+02
   3.2876049e+02   3.9079820e+02
   3.2773089e+02   3.1249617e+02
   3.2684038e+02   2.8811651e+02
   3.2592735e+02   3.1105378e+02
   3.2570521e+02   3.2718728e+02
   3.2570521e+02   3.2145168e+02
   3.2570521e+02   2.8957655e+02
   3.2680850e+02   2.7070688e+02
   3.2844163e+02   3.5693526e+02
   3.3008877e+02   2.9859333e+02
   3.3240293e+02   3.3413394e+02
   3.3428520e+02   3.0564287e+02
   3.3577616e+02   3.8911209e+02
   3.3690987e+02   3.7277231e+02
   3.3690987e+02   3.5490409e+02
   3.3690987e+02   3.1368544e+02
   3.3676693e+02   3.3452201e+02
   3.3579681e+02   3.7819679e+02
   3.3472672e+02   4.0158140e+02
   3.3352644e+02   2.1380165e+02
   3.3190790e+02   2.6999286e+02
   3.3012856e+02   3.3805347e+02
   3.2879674e+02   3.7713360e+02
   3.2750876e+02   3.3811474e+02
   3.2602560e+02   2.2671795e+02
   3.2513751e+02   3.5520764e+02
   3.2375414e+02   3.3078981e+02
   3.2259740e+02   3.4039900e+02
   3.2168439e+02   2.8276167e+02
   3.2040937e+02   2.7948351e+02
   3.1945031e+02   3.4249290e+02
   3.1796839e+02   3.7641329e+02
   3.1592182e+02   2.6964267e+02
   3.1435211e+02   3.1361589e+02
   3.1301781e+02   3.3037928e+02
   3.1161460e+02   3.5207032e+02
   3.1074551e+02   3.2037170e+02
   3.0974334e+02   2.5934993e+02
   3.0949219e+02   2.9719045e+02
   3.0938222e+02   3.3380791e+02
   3.0923014e+02   3.0622873e+02
   3.0881162e+02   2.5137693e+02
   3.0870427e+02   2.9037850e+02
   3.0819473e+02   3.4018541e+02
   3.0761538e+02   3.2033060e+02
   3.0711866e+02   2.8266029e+02
   3.0591210e+02   2.7012364e+02
   3.0549021e+02   2.8434273e+02
   3.0468111e+02   3.6921428e+02
   3.0361519e+02   3.1825840e+02
   3.0270656e+02   2.3883961e+02
   3.0170687e+02   3.1329162e+02
   3.0025707e+02   2.8058234e+02
   2.9889330e+02   3.1991375e+02
   2.9714085e+02   3.0871850e+02
   2.9597665e+02   2.8208662e+02
   2.9454273e+02   2.6093475e+02
   2.9296562e+02   3.3196580e+02
   2.9147263e+02   2.9570764e+02
   2.8987200e+02   2.3807966e+02
   2.8869854e+02   2.6677208e+02
   2.8722033e+02   3.2870336e+02
   2.8545161e+02   3.6569680e+02
   2.8415649e+02   2.4695887e+02
   2.8297502e+02   2.6386448e+02
   2.8121081e+02   2.7752418e+02
   2.7965906e+02   2.6296721e+02
   2.7845973e+02   2.5172088e+02
   2.7779856e+02   2.4555406e+02
   2.7626588e+02   2.6713268e+02
   2.7556735e+02   3.3544777e+02
   2.7510771e+02   3.2763117e+02
   2.7483294e+02   2.3366269e+02
   2.7475494e+02   2.2788892e+02
   2.7442169e+02   2.7309916e+02
   2.7394824e+02   2.9838553e+02
   2.7376647e+02   2.7243436e+02
   2.7291753e+02   2.3824223e+02
   2.7214054e+02   2.5171445e+02
   2.7073493e+02   2.8929137e+02
   2.6977295e+02   3.1846172e+02
   2.6752326e+02   2.4322309e+02
   2.6553946e+02   2.6659147e+02
   2.6402606e+02   2.8165617e+02
   2.6221823e+02   2.6585037e+02
   2.6045454e+02   2.7994479e+02
   2.5853546e+02   1.8004152e+02
   2.5718251e+02   3.1570220e+02
   2.5625597e+02   2.6350621e+02
   2.5518581e+02   2.8818974e+02
   2.5391299e+02   2.2755923e+02
   2.5301714e+02   2.4788240e+02
   2.5182589e+02   2.7211585e+02
   2.5119031e+02   2.5746222e+02
   2.5009715e+02   2.3251389e+02
   2.4973653e+02   1.9566599e+02
   2.4884129e+02   2.3062637e+02
   2.4759756e+02   2.8978260e+02
   2.4644501e+02   2.7699120e+02
   2.4519587e+02   2.2496503e+02
   2.4220120e+02   1.6906238e+02
   2.3999593e+02   2.1627865e+02
   2.3999593e+02   2.3246283e+02
   2.3999593e+02   2.4742500e+02
   2.4003098e+02   2.6562178e+02
   2.4030667e+02   2.6492884e+02
   2.4091013e+02   2.6840545e+02
   2.4235848e+02   2.3669347e+02
   2.4235848e+02   1.7939785e+02
   2.4235848e+02   1.5686830e+02
   2.4192818e+02   2.5228574e+02
   2.4093550e+02   3.0629857e+02
   2.3980793e+02   2.4424518e+02
   2.3875036e+02   2.5362120e+02
   2.3782860e+02   3.1286211e+02
   2.3696890e+02   2.9423029e+02
   2.3640277e+02   1.9080747e+02
   2.3560224e+02   1.5162846e+02
   2.3518612e+02   2.7676964e+02
   2.3470091e+02   2.8556977e+02
   2.3377918e+02   2.7858381e+02
   2.3371609e+02   2.4310901e+02
   2.3325697e+02   2.0851757e+02
   2.3257247e+02   2.7817237e+02
   2.3192723e+02   3.0196399e+02
   2.3154041e+02   2.0840365e+02
   2.3142844e+02   1.6785510e+02
   2.3124474e+02   2.1724526e+02
   2.3122730e+02   2.4508823e+02
   2.3122730e+02   2.2785850e+02
   2.3103537e+02   1.2416103e+02
   2.3097122e+02   2.0591960e+02
   2.3054135e+02   2.3297619e+02
   2.3032704e+02   2.3515601e+02
   2.3009980e+02   2.4310986e+02
   2.2929239e+02   1.7795033e+02
   2.2887361e+02   2.0579499e+02
   2.2860218e+02   2.8237109e+02
   2.2851415e+02   2.3762197e+02
   2.2839224e+02   2.1332888e+02
   2.2798724e+02   2.0597143e+02
   2.2677266e+02   2.0007851e+02
   2.2612277e+02   2.5566560e+02
   2.2539649e+02   2.1072862e+02
   2.2395705e+02   1.9352878e+02
   2.2302150e+02   2.2555466e+02
   2.2166552e+02   2.7066745e+02
   2.2081331e+02   2.1439401e+02
   2.2032467e+02   1.6728227e+02
   2.2023843e+02   1.4921854e+02
   2.2022448e+02   2.7530952e+02
   2.2014464e+02   2.1282301e+02
   2.1962800e+02   1.6699771e+02
   2.1962800e+02   1.5966516e+02
   2.1958333e+02   1.7175241e+02
   2.1956493e+02   2.8508607e+02
   2.1916304e+02   2.2473333e+02
   2.1916304e+02   2.1475147e+02
   2.1916304e+02   2.2038250e+02
   2.1964684e+02   2.6239187e+02
   2.1969241e+02   1.7912293e+02
   2.2022083e+02   1.8399329e+02
   2.2050622e+02   2.1942272e+02
   2.2074162e+02   1.5484308e+02
   2.2080024e+02   2.3081021e+02
   2.2080024e+02   2.0303129e+02
   2.2080024e+02   1.3102431e+02
   2.2051921e+02   2.5277443e+02
   2.1968005e+02   2.0957636e+02
   2.1930441e+02   2.0350679e+02
   2.1891720e+02   1.7792039e+02
   2.1851533e+02   1.5841452e+02
   2.1808179e+02   1.9877993e+02
   2.1731595e+02   2.9645216e+02
   2.1697088e+02   2.1685761e+02
   2.1693383e+02   2.1489491e+02
   2.1687427e+02   1.9686497e+02
   2.1662810e+02   2.9999955e+02
   2.1662810e+02   2.3727126e+02
   2.1662810e+02   2.2601855e+02
   2.1659880e+02   1.7133315e+02
   2.1659880e+02   2.5343018e+02
   2.1659880e+02   2.4069512e+02
   2.1596811e+02   1.7901699e+02
   2.1564456e+02   2.1943393e+02
   2.1511786e+02   2.4634099e+02
   2.1452145e+02   2.5466636e+02
   2.1428604e+02   2.4682531e+02
   2.1413931e+02   1.5268161e+02
   2.1413931e+02   1.8642145e+02
   2.1413931e+02   2.4530716e+02
   2.1413931e+02   2.2926233e+02
   2.1413931e+02   1.4850888e+02
   2.1416412e+02   2.0120716e+02
   2.1428706e+02   2.5051476e+02
   2.1436485e+02   2.5937933e+02
   2.1437321e+02   2.0824649e+02
   2.1459970e+02   1.9738219e+02
   2.1535878e+02   1.8434715e+02
   2.1535878e+02   2.7398614e+02
   2.1546614e+02   2.9137671e+02
   2.1546614e+02   2.4782522e+02
   2.1548155e+02   1.8167539e+02
   2.1548155e+02   1.9948985e+02
   2.1559630e+02   2.1288774e+02
   2.1559630e+02   2.2969425e+02
   2.1582168e+02   2.1105321e+02
   2.1627738e+02   2.2822766e+02
   2.1664477e+02   2.2377426e+02
   2.1677491e+02   2.0466683e+02
   2.1727565e+02   2.4041253e+02
   2.1752889e+02   1.9058181e+02
   2.1754174e+02   2.4722083e+02
   2.1775098e+02   3.0934505e+02
   2.1791021e+02   2.2235979e+02
   2.1878568e+02   1.4883198e+02
   2.1993830e+02   1.8138008e+02
   2.2069687e+02   2.9055473e+02
   2.2147920e+02   2.3084074e+02
   2.2237572e+02   1.9004030e+02
   2.2403813e+02   2.0939056e+02
   2.2580214e+02   3.0512443e+02
   2.2706548e+02   2.5268527e+02
   2.2790242e+02   1.3786774e+02
   2.2953396e+02   2.0320394e+02
   2.3113244e+02   2.3433026e+02
   2.3236376e+02   2.2937642e+02
   2.3370735e+02   1.9078860e+02
   2.3515266e+02   1.6272418e+02
   2.3633778e+02   1.9763666e+02
   2.3775895e+02   3.2834011e+02
   2.3811627e+02   2.5829579e+02
   2.3883662e+02   2.1276244e+02
   2.3922542e+02   2.0471361e+02
   2.3922542e+02   2.2507276e+02
   2.3922542e+02   3.2077297e+02
   2.3911547e+02   2.4790555e+02
   2.3911547e+02   2.1133125e+02
   2.3911547e+02   1.9520702e+02
   2.3937197e+02   2.5926000e+02
   2.3945746e+02   2.5788410e+02
   2.3962120e+02   2.0886960e+02
   2.3970475e+02   1.9685411e+02
   2.3986400e+02   2.7796373e+02
   2.4019147e+02   2.9246257e+02
   2.4052656e+02   1.9472044e+02
   2.4066734e+02   2.3332601e+02
   2.4154820e+02   2.1811815e+02
   2.4185956e+02   2.5332900e+02
   2.4218178e+02   2.3682642e+02
   2.4249646e+02   2.4553266e+02
   2.4317230e+02   2.2954122e+02
   2.4380171e+02   2.2971163e+02
   2.4478326e+02   2.5174910e+02
   2.4510753e+02   2.6512030e+02
   2.4559998e+02   2.1264350e+02
   2.4620210e+02   2.7211496e+02
   2.4655220e+02   3.1506682e+02
   2.4655220e+02   2.6139713e+02
   2.4665066e+02   2.1494834e+02
   2.4673589e+02   2.1666384e+02
   2.4673589e+02   2.7030146e+02
   2.4686284e+02   2.8450434e+02
   2.4746702e+02   2.6420136e+02
   2.4757279e+02   2.1522304e+02
   2.4777363e+02   2.3142729e+02
   2.4785787e+02   2.8239330e+02
   2.4821428e+02   1.6118984e+02
   2.4836170e+02   1.2161420e+02
   2.4849958e+02   2.4135908e+02
   2.4849958e+02   2.6655567e+02
   2.4884996e+02   2.8662376e+02
   2.4911840e+02   1.8869460e+02
   2.4959966e+02   1.9472432e+02
   2.5007007e+02   2.9015548e+02
   2.5066185e+02   3.1516198e+02
   2.5155962e+02   1.9959239e+02
   2.5198563e+02   1.7388415e+02
   2.5268450e+02   2.8247883e+02
   2.5349851e+02   3.2302011e+02
   2.5463731e+02   3.4518569e+02
   2.5552452e+02   2.4588152e+02
   2.5712970e+02   2.5864687e+02
   2.5905872e+02   2.7393860e+02
   2.6076385e+02   3.0287180e+02
   2.6261302e+02   2.6869761e+02
   2.6457272e+02   1.8461329e+02
   2.6711507e+02   2.8911652e+02
   2.7029017e+02   3.0239119e+02
   2.7285920e+02   2.9673842e+02
   2.7545915e+02   2.6798231e+02
   2.7798966e+02   2.7274591e+02
   2.8107879e+02   2.3517037e+02
   2.8360177e+02   2.8844937e+02
   2.8570081e+02   2.8108625e+02
   2.8761695e+02   2.6462602e+02
   2.8991860e+02   2.9459058e+02
   2.9201155e+02   2.9280888e+02
   2.9386070e+02   3.0712926e+02
   2.9487517e+02   2.3639164e+02
   2.9613176e+02   3.2413876e+02
   2.9730900e+02   3.4267544e+02
   2.9782841e+02   3.2302643e+02
   2.9852179e+02   3.0709162e+02
   2.9905913e+02   2.6884112e+02
   3.0010424e+02   2.9533828e+02
   3.0098547e+02   3.1472652e+02
   3.0222079e+02   2.7512252e+02
   3.0309073e+02   2.5394233e+02
   3.0502828e+02   3.1306250e+02
   3.0675488e+02   2.7841695e+02
   3.0823307e+02   3.5008337e+02
   3.1014126e+02   2.1977912e+02
   3.1199268e+02   2.7978728e+02
   3.1349322e+02   3.1300057e+02
   3.1560618e+02   3.7733829e+02
   3.1646146e+02   3.2516776e+02
   3.1700112e+02   3.5082475e+02
   3.1890072e+02   3.1826058e+02
   3.2017791e+02   3.5602523e+02
   3.2240940e+02   3.4345620e+02
   3.2525033e+02   3.1297226e+02
   3.2762423e+02   2.6486670e+02
   3.3072097e+02   3.4527691e+02
   3.3345357e+02   3.5618714e+02
   3.3473075e+02   3.9408259e+02
   3.3703590e+02   3.3980452e+02
   3.3941334e+02   3.2280729e+02
   3.4132893e+02   3.9621861e+02
   3.4316477e+02   2.9850681e+02
   3.4505265e+02   3.5113344e+02
   3.4707207e+02   3.1399468e+02
   3.5046004e+02   3.3350321e+02
   3.5352395e+02   4.3232165e+02
   3.5552940e+02   3.4530679e+02
   3.5776524e+02   3.0035181e+02
   3.6065229e+02   3.9269210e+02
   3.6352658e+02   4.2745360e+02
   3.6614313e+02   3.5796582e+02
   3.6814670e+02   3.6039943e+02
   3.7059676e+02   3.3358575e+02
   3.7379181e+02   4.0034430e+02
   3.7723808e+02   3.5116345e+02
   3.8012135e+02   3.4185906e+02
   3.8236238e+02   3.5468484e+02
   3.8535842e+02   4.1758735e+02
   3.8815907e+02   4.1328254e+02
   3.8966261e+02   4.1523584e+02
   3.9085063e+02   3.5608697e+02
   3.9175980e+02   3.5179584e+02
   3.9302036e+02   4.5791606e+02
   3.9461677e+02   4.5673982e+02
   3.9667379e+02   3.8684155e+02
   3.9893666e+02   4.2326929e+02
   4.0166416e+02   4.1309407e+02
   4.0392785e+02   4.8235864e+02
   4.0661523e+02   4.1272564e+02
   4.0912555e+02   4.0075699e+02
   4.1154386e+02   4.3824796e+02
   4.1362633e+02   4.6579088e+02
   4.1571732e+02   4.5932044e+02
   4.1701057e+02   4.4509353e+02
   4.1895981e+02   3.5942045e+02
   4.2096630e+02   4.6724739e+02
   4.2252192e+02   4.6230430e+02
   4.2407305e+02   4.5122345e+02
   4.2489081e+02   4.5140834e+02
   4.2520259e+02   4.1819899e+02
   4.2613991e+02   4.9349965e+02
   4.2638763e+02   4.8036628e+02
   4.2643625e+02   3.9631662e+02
   4.2663572e+02   3.6657324e+02
   4.2751137e+02   4.6491857e+02
   4.2876663e+02   4.6642387e+02
   4.3018055e+02   3.7363265e+02
   4.3191442e+02   4.0239601e+02
   4.3348292e+02   4.3563489e+02
   4.3437807e+02   5.1412389e+02
   4.3520239e+02   4.1100176e+02
   4.3583274e+02   4.1361929e+02
   4.3653576e+02   3.6677037e+02
   4.3724280e+02   4.7474208e+02
   4.3777789e+02   4.7381188e+02
   4.3847525e+02   4.0584017e+02
   4.3975610e+02   3.7391003e+02
   4.4092408e+02   4.0809881e+02
   4.4182939e+02   4.7896411e+02
   4.4305530e+02   3.8785073e+02
   4.4425710e+02   4.4554375e+02
   4.4490643e+02   3.8924428e+02
   4.4615640e+02   4.4175278e+02
   4.4765340e+02   5.0530375e+02
   4.4894683e+02   4.6242095e+02
   4.5051339e+02   3.9248570e+02
   4.5177023e+02   4.8304481e+02
   4.5321842e+02   4.6924734e+02
   4.5539139e+02   4.9235963e+02
   4.5721069e+02   4.4983137e+02
   4.5886332e+02   4.2406973e+02
   4.6058074e+02   4.9843057e+02
   4.6145046e+02   4.8960737e+02
   4.6211068e+02   4.6505236e+02
   4.6260825e+02   4.5262946e+02
   4.6357971e+02   4.7648694e+02
   4.6468881e+02   5.3665003e+02
   4.6505387e+02   4.6690838e+02
   4.6610157e+02   4.0572099e+02
   4.6782304e+02   4.3079629e+02
   4.6970518e+02   4.5257882e+02
   4.7102112e+02   5.2184149e+02
   4.7196911e+02   4.4375526e+02
   4.7316896e+02   4.3515619e+02
   4.7485476e+02   5.2309268e+02
   4.7637240e+02   5.1723806e+02
   4.7767311e+02   4.1915306e+02
   4.7879922e+02   4.6391753e+02
   4.8100806e+02   5.1141761e+02
   4.8221519e+02   5.2113396e+02
   4.8359573e+02   4.9439971e+02
   4.8505501e+02   4.2637020e+02
   4.8580627e+02   4.8971760e+02
   4.8672887e+02   4.6662036e+02
   4.8738077e+02   5.0540783e+02
   4.8746374e+02   4.3072621e+02
   4.8826246e+02   3.7622689e+02
   4.8920399e+02   5.0246273e+02
   4.9001785e+02   4.7464128e+02
   4.9114741e+02   5.0119695e+02
   4.9196934e+02   5.1093759e+02
   4.9293754e+02   4.3078137e+02
   4.9445386e+02   5.3354333e+02
   4.9522082e+02   5.1168903e+02
   4.9547242e+02   4.4504430e+02
   4.9560683e+02   4.9150824e+02
   4.9592608e+02   5.5950956e+02
   4.9634738e+02   5.1683294e+02
   4.9694730e+02   5.0370245e+02
   4.9727819e+02   4.4935168e+02
   4.9789981e+02   5.2328222e+02
   4.9837397e+02   5.3284084e+02
   4.9879269e+02   5.2585937e+02
   4.9909227e+02   5.1122227e+02
   4.9928369e+02   4.9866799e+02
   4.9937700e+02   4.9585497e+02
   4.9953251e+02   5.0205004e+02
   4.9953251e+02   5.4147539e+02
   4.9988212e+02   4.5668970e+02
   4.9999722e+02   4.3668481e+02
   5.0022623e+02   5.1485864e+02
   5.0023546e+02   5.0917918e+02
   5.0115915e+02   4.8648781e+02
   5.0123539e+02   4.5565715e+02
   5.0175047e+02   4.6028053e+02
   5.0175047e+02   5.6387862e+02
   5.0207112e+02   5.2616374e+02
   5.0207112e+02   5.3283981e+02
   5.0207112e+02   5.1016273e+02
   5.0207112e+02   5.4116202e+02
   5.0311704e+02   5.0527380e+02
   5.0348381e+02   5.0254680e+02
   5.0352665e+02   5.0553434e+02
   5.0471897e+02   5.2004259e+02
   5.0597260e+02   5.3287058e+02
   5.0646119e+02   4.5381150e+02
   5.0716214e+02   4.4693101e+02
   5.0743050e+02   5.2908724e+02
   5.0782709e+02   4.9316880e+02
   5.0811793e+02   5.1427094e+02
   5.0902266e+02   5.3184221e+02
   5.0973792e+02   5.1976550e+02
   5.1028023e+02   5.4970824e+02
   5.1083576e+02   5.5264541e+02
   5.1115926e+02   5.0065015e+02
   5.1129350e+02   4.7161055e+02
   5.1129350e+02   4.7252032e+02
   5.1129350e+02   5.3957991e+02
   5.1036604e+02   5.4837322e+02
   5.0998684e+02   4.8009639e+02
   5.0966813e+02   4.5765192e+02
   5.0957180e+02   5.1207916e+02
   5.0910056e+02   5.0147714e+02
   5.0910056e+02   5.6412797e+02
   5.0910056e+02   4.6537183e+02
   5.1038568e+02   5.6649527e+02
   5.1098958e+02   5.1192593e+02
   5.1120170e+02   5.1486477e+02
   5.1160040e+02   4.3755022e+02
   5.1177421e+02   5.2786320e+02
   5.1177421e+02   5.2407080e+02
   5.1177421e+02   5.0512699e+02
   5.1039649e+02   5.1876975e+02
   5.0994416e+02   4.7345194e+02
   5.0921038e+02   4.9368796e+02
   5.0830923e+02   5.4282479e+02
   5.0752432e+02   4.7352199e+02
   5.0752432e+02   5.2651564e+02
   5.0752432e+02   5.0030889e+02
   5.0831069e+02   5.4052372e+02
   5.0834988e+02   4.7724065e+02
   5.0856930e+02   5.5113945e+02
   5.0913001e+02   4.8603954e+02
   5.0966526e+02   5.0973541e+02
   5.0982596e+02   4.6557062e+02
   5.1016874e+02   4.6982364e+02
   5.1026402e+02   5.0349968e+02
   5.1067533e+02   5.1641667e+02
   5.1126079e+02   5.7678603e+02
   5.1182498e+02   4.6422536e+02
   5.1212592e+02   4.9803989e+02
   5.1218275e+02   4.6872719e+02
   5.1221484e+02   5.4520008e+02
   5.1234001e+02   5.8291417e+02
   5.1251855e+02   5.1232018e+02
   5.1258138e+02   4.8937689e+02
   5.1302776e+02   5.4715122e+02
   5.1322633e+02   5.5452457e+02
   5.1394129e+02   5.5294075e+02
   5.1449469e+02   4.6406697e+02
   5.1505285e+02   4.6076622e+02
   5.1505285e+02   5.4970190e+02
   5.1505285e+02   5.0655436e+02
   5.1471787e+02   4.7438314e+02
   5.1454178e+02   4.8095906e+02
   5.1403147e+02   5.4369900e+02
   5.1305283e+02   5.8118122e+02
   5.1221992e+02   5.4050948e+02
   5.1221992e+02   5.1598629e+02
   5.1221992e+02   5.5619793e+02
   5.1245548e+02   5.0543968e+02
   5.1271644e+02   5.4588211e+02
   5.1271644e+02   4.9310503e+02
   5.1271644e+02   4.1986288e+02
   5.1246752e+02   5.6929517e+02
   5.1181336e+02   5.2233005e+02
   5.1141914e+02   4.9017917e+02
   5.1112220e+02   4.5876861e+02
   5.1112220e+02   4.8565474e+02
   5.1112220e+02   5.3940343e+02
   5.1138137e+02   5.9453683e+02
   5.1138137e+02   4.6698437e+02
   5.1138137e+02   4.9393692e+02
   5.1133055e+02   5.5822580e+02
   5.1120110e+02   5.4220692e+02
   5.1110966e+02   4.8342493e+02
   5.1057981e+02   4.7602769e+02
   5.0989753e+02   5.3241818e+02
   5.0967623e+02   5.8080035e+02
   5.0966246e+02   5.3402135e+02
   5.0966246e+02   5.2966141e+02
   5.0966246e+02   5.0075446e+02
   5.0967623e+02   5.0995331e+02
   5.0983500e+02   5.4503958e+02
   5.1048256e+02   5.0613764e+02
   5.1048256e+02   4.7594782e+02
   5.1048256e+02   5.3391332e+02
   5.0972508e+02   5.7621135e+02
   5.0885416e+02   4.6312147e+02
   5.0831390e+02   4.6683521e+02
   5.0786956e+02   5.0102906e+02
   5.0771691e+02   5.5772050e+02
   5.0751257e+02   4.9108814e+02
   5.0751257e+02   4.8252147e+02
   5.0751257e+02   4.4482359e+02
   5.0789220e+02   5.4566402e+02
   5.0789220e+02   5.0786168e+02
   5.0789220e+02   5.2576897e+02
   5.0803069e+02   4.5423365e+02
   5.0810247e+02   4.9048671e+02
   5.0848367e+02   5.2516180e+02
   5.0848367e+02   5.2689662e+02
   5.0848367e+02   4.6542337e+02
   5.0848367e+02   4.6786303e+02
   5.0844418e+02   5.5272329e+02
   5.0830151e+02   5.1084885e+02
   5.0785407e+02   5.2818352e+02
   5.0686618e+02   5.0275109e+02
   5.0667070e+02   5.0511212e+02
   5.0601781e+02   5.5496669e+02
   5.0566824e+02   5.2997254e+02
   5.0566824e+02   4.3899400e+02
   5.0566824e+02   5.6038919e+02
   5.0601182e+02   5.6428229e+02
   5.0628764e+02   5.4440374e+02
   5.0636577e+02   4.0847302e+02
   5.0640338e+02   4.4005249e+02
   5.0644799e+02   4.7392840e+02
   5.0654451e+02   5.4606132e+02
   5.0655317e+02   5.4219366e+02
   5.0655317e+02   4.4205599e+02
   5.0724019e+02   4.8266114e+02
   5.0807316e+02   5.4246491e+02
   5.0823322e+02   5.1504741e+02
   5.0886869e+02   4.7370897e+02
   5.0959526e+02   4.8819417e+02
   5.1011697e+02   5.3552023e+02
   5.1039539e+02   6.2834601e+02
   5.1042408e+02   5.4611794e+02
   5.1048707e+02   5.1086795e+02
   5.1162033e+02   5.1419994e+02
   5.1232131e+02   5.8448296e+02
   5.1307183e+02   4.9286092e+02
   5.1380475e+02   5.0673857e+02
   5.1491242e+02   4.9995640e+02
   5.1575260e+02   5.1207181e+02
   5.1686374e+02   5.6963786e+02
   5.1686374e+02   5.4043831e+02
   5.1686374e+02   4.6603420e+02
   5.1674742e+02   5.6737779e+02
   5.1643256e+02   5.5574426e+02
   5.1601598e+02   5.1622600e+02
   5.1541340e+02   4.9573383e+02
   5.1528127e+02   4.4878288e+02
   5.1528127e+02   5.1690657e+02
   5.1514074e+02   5.3551353e+02
   5.1514074e+02   5.2096071e+02
   5.1514074e+02   4.5476565e+02
   5.1488849e+02   5.1796605e+02
   5.1468634e+02   5.0132759e+02
   5.1465207e+02   5.6379487e+02
   5.1392403e+02   5.1709038e+02
   5.1339013e+02   5.1223636e+02
   5.1302910e+02   5.0501640e+02
   5.1297673e+02   5.8327674e+02
   5.1279850e+02   4.9535957e+02
   5.1279850e+02   4.4163275e+02
   5.1279850e+02   5.2980820e+02
   5.1279850e+02   5.8771309e+02
   5.1252871e+02   5.0257433e+02
   5.1232816e+02   5.1003524e+02
   5.1189734e+02   5.1248054e+02
   5.1137544e+02   4.8394077e+02
   5.1039183e+02   5.3157732e+02
   5.0932409e+02   5.1991929e+02
   5.0819458e+02   4.6271432e+02
   5.0574872e+02   5.4952008e+02
   5.0352496e+02   4.8851267e+02
   5.0097664e+02   5.6380718e+02
   4.9865237e+02   4.6801911e+02
   4.9628080e+02   4.9132017e+02
   4.9385155e+02   5.4692133e+02
   4.9050759e+02   5.0686137e+02
   4.8841184e+02   4.4336428e+02
   4.8652843e+02   4.7832454e+02
   4.8509635e+02   5.3885869e+02
   4.8288394e+02   4.8800318e+02
   4.8073614e+02   4.9615470e+02
   4.7938682e+02   4.6363137e+02
   4.7876265e+02   4.6958226e+02
   4.7874881e+02   5.3575787e+02
   4.7839075e+02   4.9097482e+02
   4.7839075e+02   4.7828518e+02
   4.7817767e+02   4.2008992e+02
   4.7814011e+02   4.3300782e+02
   4.7814011e+02   5.1288310e+02
   4.7742458e+02   4.5504111e+02
   4.7673046e+02   4.1209944e+02
   4.7610746e+02   4.6411488e+02
   4.7490680e+02   5.5171507e+02
   4.7401443e+02   5.1367694e+02
   4.7276322e+02   4.8645887e+02
   4.7156997e+02   4.2232469e+02
   4.7058694e+02   5.3623620e+02
   4.6914307e+02   4.5487203e+02
   4.6828716e+02   4.5395160e+02
   4.6791365e+02   4.1434186e+02
   4.6791365e+02   4.9253409e+02
   4.6791365e+02   4.7919765e+02
   4.6979148e+02   5.1340553e+02
   4.7183640e+02   4.5403686e+02
   4.7474908e+02   5.1248811e+02
   4.7955556e+02   5.5518576e+02
   4.8207029e+02   4.3850948e+02
   4.8571894e+02   4.4366099e+02
   4.8875208e+02   4.3573584e+02
   4.8973585e+02   4.7738384e+02
   4.9036832e+02   5.6041869e+02
   4.9036832e+02   5.0764041e+02
   4.9036832e+02   4.6106723e+02
   4.9024281e+02   4.8654133e+02
   4.8952982e+02   5.2432721e+02
   4.8838853e+02   4.8892891e+02
   4.8823102e+02   4.6792049e+02
   4.8787305e+02   4.2949123e+02
   4.8734950e+02   5.0703222e+02
   4.8683808e+02   4.9082484e+02
   4.8618236e+02   4.7503534e+02
   4.8578995e+02   4.2809602e+02
   4.8518722e+02   5.1102505e+02
   4.8430870e+02   4.8345771e+02
   4.8334227e+02   4.8365953e+02
   4.8192673e+02   4.8832480e+02
   4.8050492e+02   4.7831985e+02
   4.7933917e+02   4.6516680e+02
   4.7786776e+02   4.9696807e+02
   4.7713800e+02   4.6820979e+02
   4.7713800e+02   4.3057078e+02
   4.7713800e+02   4.8230772e+02
   4.7780358e+02   5.0310054e+02
   4.7874654e+02   4.7618036e+02
   4.8054519e+02   4.5486978e+02
   4.8217066e+02   4.8187335e+02
   4.8330740e+02   5.3330995e+02
   4.8425348e+02   5.3524674e+02
   4.8501943e+02   4.5140496e+02
   4.8522282e+02   4.6202439e+02
   4.8544728e+02   4.5987527e+02
   4.8545636e+02   5.1705839e+02
   4.8560210e+02   4.4568454e+02
   4.8611290e+02   4.8900564e+02
   4.8638542e+02   4.7205100e+02
   4.8658431e+02   5.6718993e+02
   4.8754232e+02   5.3617139e+02
   4.8782103e+02   4.5538281e+02
   4.8782103e+02   4.6553729e+02
   4.8782103e+02   5.0581232e+02
   4.8782103e+02   5.4046640e+02
   4.8776598e+02   5.0752327e+02
   4.8764448e+02   4.5706564e+02
   4.8721024e+02   4.6403440e+02
   4.8710966e+02   5.6509487e+02
   4.8646543e+02   5.2099915e+02
   4.8563637e+02   4.8262859e+02
   4.8453779e+02   4.8828091e+02
   4.8373349e+02   5.1261998e+02
   4.8248228e+02   5.4589028e+02
   4.8094821e+02   4.4704058e+02
   4.8003079e+02   4.4739641e+02
   4.8003079e+02   4.7353451e+02
   4.8003079e+02   5.1051405e+02
   4.8010441e+02   5.2959551e+02
   4.8031606e+02   4.5192746e+02
   4.8129826e+02   4.2384324e+02
   4.8282064e+02   5.1274380e+02
   4.8360163e+02   5.3406519e+02
   4.8432572e+02   4.8588001e+02
   4.8453763e+02   4.4684979e+02
   4.8522596e+02   4.6919587e+02
   4.8522596e+02   5.2555534e+02
   4.8522596e+02   4.6634572e+02
   4.8503625e+02   4.8891821e+02
   4.8443096e+02   4.4929360e+02
   4.8391787e+02   5.1333087e+02
   4.8350021e+02   5.3487856e+02
   4.8233120e+02   4.2711251e+02
   4.8204926e+02   4.5902571e+02
   4.8102647e+02   4.9881769e+02
   4.8003194e+02   5.4535126e+02
   4.7968236e+02   5.3410139e+02
   4.7963416e+02   4.9428873e+02
   4.7880386e+02   5.3164295e+02
   4.7824450e+02   4.7186983e+02
   4.7807613e+02   4.8140891e+02
   4.7777310e+02   4.6867976e+02
   4.7726880e+02   4.0320684e+02
   4.7688659e+02   4.5225471e+02
   4.7616434e+02   5.4246943e+02
   4.7614198e+02   4.6928479e+02
   4.7614198e+02   4.5361013e+02
   4.7614198e+02   4.6120922e+02
   4.7616434e+02   4.7335375e+02
   4.7625250e+02   4.6469671e+02
   4.7625250e+02   4.7755274e+02
   4.7625250e+02   4.9280007e+02
   4.7625250e+02   4.6812958e+02
   4.7618689e+02   4.9700878e+02
   4.7558184e+02   4.8635127e+02
   4.7545723e+02   4.2868857e+02
   4.7545723e+02   4.7058473e+02
   4.7537517e+02   4.2478461e+02
   4.7533632e+02   4.4055403e+02
   4.7523664e+02   4.6519847e+02
   4.7523366e+02   4.7407591e+02
   4.7497029e+02   5.2910342e+02
   4.7497029e+02   4.8079223e+02
   4.7441915e+02   4.5136248e+02
   4.7403213e+02   4.5764950e+02
   4.7397158e+02   5.1618836e+02
   4.7368231e+02   5.4044290e+02
   4.7353909e+02   4.3840832e+02
   4.7315995e+02   4.4443542e+02
   4.7282508e+02   4.2541731e+02
   4.7270568e+02   5.0904660e+02
   4.7226280e+02   5.1249681e+02
   4.7137800e+02   4.5129976e+02
   4.6987349e+02   4.2495394e+02
   4.6909902e+02   4.5672745e+02
   4.6847256e+02   5.2631489e+02
   4.6724645e+02   5.0083726e+02
   4.6606942e+02   4.0793651e+02
   4.6497598e+02   5.1658231e+02
   4.6382268e+02   4.9537340e+02
   4.6329842e+02   5.1834053e+02
   4.6220895e+02   4.9319278e+02
   4.6121272e+02   4.7364379e+02
   4.6029419e+02   4.5653797e+02
   4.5923634e+02   4.9734095e+02
   4.5839824e+02   4.8200185e+02
   4.5772523e+02   3.8555832e+02
   4.5696868e+02   4.2601300e+02
   4.5642618e+02   4.7510034e+02
   4.5640590e+02   4.4726787e+02
   4.5633216e+02   4.4917708e+02
   4.5629565e+02   3.7147437e+02
   4.5581013e+02   4.8107760e+02
   4.5500453e+02   5.2699137e+02
   4.5384281e+02   4.6137424e+02
   4.5320680e+02   4.1900040e+02
   4.5228413e+02   4.4086489e+02
   4.5175750e+02   4.9259793e+02
   4.5079168e+02   4.8663726e+02
   4.5034273e+02   4.2886602e+02
   4.5009661e+02   4.3786087e+02
   4.4973536e+02   4.2362424e+02
   4.4897784e+02   5.0673791e+02
   4.4795843e+02   4.4303076e+02
   4.4691090e+02   3.6906399e+02
   4.4631810e+02   4.5843311e+02
   4.4574684e+02   4.5458077e+02
   4.4524175e+02   4.6420182e+02
   4.4522596e+02   3.8724085e+02
   4.4433024e+02   4.5125229e+02
   4.4382541e+02   4.7932247e+02
   4.4334341e+02   5.0875580e+02
   4.4280609e+02   4.7917187e+02
   4.4272144e+02   4.3776390e+02
   4.4208546e+02   4.5123118e+02
   4.4130454e+02   4.9306325e+02
   4.4116036e+02   4.5304577e+02
   4.4108638e+02   3.9684574e+02
   4.4046856e+02   3.7552244e+02
   4.4015754e+02   4.2925295e+02
   4.3922258e+02   4.2403671e+02
   4.3857236e+02   4.0096561e+02
   4.3801010e+02   3.6488234e+02
   4.3758229e+02   4.6622953e+02
   4.3736945e+02   4.7898665e+02
   4.3712842e+02   3.8615671e+02
   4.3628852e+02   3.4247562e+02
   4.3530990e+02   4.1342172e+02
   4.3478012e+02   4.8587238e+02
   4.3440515e+02   4.4125828e+02
   4.3367044e+02   3.6448433e+02
   4.3312694e+02   3.6057003e+02
   4.3231329e+02   4.7602210e+02
   4.3136655e+02   4.6582200e+02
   4.3097266e+02   4.3790956e+02
   4.3075387e+02   3.7481302e+02
   4.3006387e+02   4.1857890e+02
   4.2931455e+02   4.9937140e+02
   4.2879783e+02   4.3499978e+02
   4.2870572e+02   3.9838548e+02
   4.2850716e+02   3.6319863e+02
   4.2754116e+02   4.3671323e+02
   4.2623240e+02   5.0276745e+02
   4.2596818e+02   3.8861221e+02
   4.2558483e+02   4.0881900e+02
   4.2450363e+02   4.1529897e+02
   4.2361054e+02   4.7424682e+02
   4.2358919e+02   4.7379094e+02
   4.2343323e+02   3.9995105e+02
   4.2340688e+02   3.8887491e+02
   4.2340688e+02   4.0746399e+02
   4.2311592e+02   4.4906817e+02
   4.2286520e+02   4.2301243e+02
   4.2239323e+02   3.9950897e+02
   4.2202741e+02   4.2770901e+02
   4.2140465e+02   4.4314725e+02
   4.2106126e+02   4.3252347e+02
   4.2008860e+02   3.9088923e+02
   4.1956841e+02   4.1729860e+02
   4.1945366e+02   4.2201617e+02
   4.1910227e+02   4.5041374e+02
   4.1870726e+02   4.5092652e+02
   4.1855952e+02   3.6539762e+02
   4.1750106e+02   4.7567265e+02
   4.1685167e+02   4.5020014e+02
   4.1547521e+02   3.7201557e+02
   4.1385194e+02   4.2013594e+02
   4.1265512e+02   4.3778929e+02
   4.1142842e+02   4.2345905e+02
   4.1001450e+02   4.2048906e+02
   4.0927088e+02   4.1685325e+02
   4.0767715e+02   3.7334921e+02
   4.0669548e+02   4.2796992e+02
   4.0558270e+02   4.0901248e+02
   4.0411077e+02   3.9926053e+02
   4.0323386e+02   3.9909944e+02
   4.0095764e+02   4.2904494e+02
   3.9822449e+02   4.2933751e+02
   3.9822449e+02   4.1309415e+02
   3.9821879e+02   3.6759337e+02
   3.9810512e+02   3.7030373e+02
   3.9807067e+02   4.0089792e+02
   3.9760432e+02   4.8212819e+02
   3.9654404e+02   3.8130340e+02
   3.9602618e+02   3.4894875e+02
   3.9598381e+02   3.8860287e+02
   3.9546792e+02   3.9882629e+02
   3.9426110e+02   3.9343689e+02
   3.9426110e+02   3.6410837e+02
   3.9426110e+02   3.4086621e+02
   3.9485479e+02   4.2156745e+02
   3.9507591e+02   4.4581906e+02
   3.9507591e+02   3.4831777e+02
   3.9507591e+02   3.6124523e+02
   3.9485479e+02   3.8420593e+02
   3.9449807e+02   4.4764915e+02
   3.9299425e+02   4.2816836e+02
   3.9164894e+02   3.8902003e+02
   3.9087410e+02   3.6610424e+02
   3.9055635e+02   4.1287543e+02
   3.9055635e+02   4.1960357e+02
   3.8984105e+02   3.7309204e+02
   3.8984105e+02   3.9765554e+02
   3.8918937e+02   3.8826572e+02
   3.8918937e+02   4.4718844e+02
   3.8918937e+02   3.7770843e+02
   3.8728783e+02   3.0085130e+02
   3.8635954e+02   3.3726391e+02
   3.8626136e+02   3.6966386e+02
   3.8607304e+02   3.7941930e+02
   3.8607304e+02   3.9691815e+02
   3.8607304e+02   3.5268026e+02
   3.8627287e+02   3.7828819e+02
   3.8752952e+02   4.0819777e+02
   3.8806114e+02   3.3302238e+02
   3.8855529e+02   3.7528178e+02
   3.8855529e+02   3.7910299e+02
   3.8855529e+02   3.7143324e+02
   3.8789274e+02   4.2720722e+02
   3.8620982e+02   4.1002774e+02
   3.8350872e+02   3.3539207e+02
   3.7578597e+02   4.1657942e+02
   3.7571671e+02   4.2800795e+02
   3.7571671e+02   3.7955497e+02
   3.7571671e+02   3.3646265e+02
   3.7540197e+02   4.0346415e+02
   3.7539085e+02   3.8807720e+02
   3.7455833e+02   3.8703221e+02
   3.7440637e+02   3.3044998e+02
   3.7342755e+02   3.5584782e+02
   3.7264115e+02   4.0697128e+02
   3.7138626e+02   3.9011832e+02
   3.7138626e+02   3.1822059e+02
   3.7138626e+02   3.5417924e+02
   3.7171167e+02   3.6243842e+02
   3.7171167e+02   4.0887631e+02
   3.7171167e+02   3.8921189e+02
   3.7171167e+02   3.4282165e+02
   3.7166649e+02   4.3570433e+02
   3.7129492e+02   3.4197490e+02
   3.7121315e+02   3.9669028e+02
   3.7044266e+02   3.5729919e+02
   3.7044266e+02   3.6823146e+02
   3.7044266e+02   3.6951100e+02
   3.7096123e+02   4.1241809e+02
   3.7132216e+02   3.8883099e+02
   3.7331127e+02   2.8212230e+02
   3.7369220e+02   3.8035096e+02
   3.7484476e+02   3.9429779e+02
   3.7484476e+02   4.2322087e+02
   3.7484476e+02   3.6826428e+02
   3.7484476e+02   3.4373277e+02
   3.7472460e+02   3.6878175e+02
   3.7431272e+02   3.7282505e+02
   3.7297184e+02   3.3776786e+02
   3.7189296e+02   3.2229083e+02
   3.7098860e+02   3.5145531e+02
   3.7046340e+02   3.8645253e+02
   3.7046340e+02   3.8264101e+02
   3.7046340e+02   3.8301536e+02
   3.7223734e+02   3.5306648e+02
   3.7246578e+02   3.9343368e+02
   3.7246578e+02   3.8201922e+02
   3.7246578e+02   3.6826876e+02
   3.7246578e+02   3.2080119e+02
   3.7040213e+02   2.8595920e+02
   3.6792409e+02   3.9710530e+02
   3.6649518e+02   4.0153752e+02
   3.6624201e+02   3.6547297e+02
   3.6595567e+02   3.5142882e+02
   3.6565601e+02   3.8154274e+02
   3.6495186e+02   3.5125424e+02
   3.6430910e+02   3.5142481e+02
   3.6418125e+02   3.1000995e+02
   3.6318179e+02   3.3770708e+02
   3.6182278e+02   3.9837870e+02
   3.6158527e+02   3.5106405e+02
   3.6158527e+02   3.5198516e+02
   3.6158527e+02   3.7720638e+02
   3.6182278e+02   3.5628975e+02
   3.6280201e+02   3.8423291e+02
   3.6525763e+02   2.9904415e+02
   3.6746824e+02   3.3562519e+02
   3.6786193e+02   3.6808553e+02
   3.6795971e+02   4.3776305e+02
   3.6973990e+02   4.1442520e+02
   3.6973990e+02   3.5562371e+02
   3.6973990e+02   3.5738017e+02
   3.6902114e+02   3.9441807e+02
   3.6772935e+02   4.2234891e+02
   3.6772935e+02   3.5045304e+02
   3.6750003e+02   3.4892354e+02
   3.6750003e+02   3.6187829e+02
   3.6744213e+02   4.3075849e+02
   3.6656847e+02   3.8021426e+02
   3.6656847e+02   3.4892861e+02
   3.6656847e+02   3.9693615e+02
   3.6593889e+02   4.0173625e+02
   3.6538125e+02   3.4490648e+02
   3.6522151e+02   3.3456833e+02
   3.6522151e+02   3.4634330e+02
   3.6522151e+02   4.2622224e+02
   3.6522151e+02   3.9500883e+02
   3.6545224e+02   3.2583820e+02
   3.6569525e+02   3.4899213e+02
   3.6748797e+02   4.1109054e+02
   3.6756167e+02   4.2044329e+02
   3.6756167e+02   3.3824040e+02
   3.6756167e+02   3.5927212e+02
   3.6756167e+02   3.6826796e+02
   3.6751773e+02   3.4943581e+02
   3.6644848e+02   3.9778520e+02
   3.6524915e+02   3.7250166e+02
   3.6422068e+02   3.1719092e+02
   3.6422068e+02   3.9070599e+02
   3.6422068e+02   4.2365789e+02
   3.6518242e+02   3.9598956e+02
   3.6519702e+02   3.7701990e+02
   3.6534785e+02   2.9018660e+02
   3.6629236e+02   3.3492403e+02
   3.6637703e+02   3.8525352e+02
   3.6654818e+02   3.3068910e+02
   3.6677541e+02   3.3716121e+02
   3.6697068e+02   3.3757077e+02
   3.6906601e+02   4.6758481e+02
   3.7006746e+02   3.7039232e+02
   3.7170133e+02   3.1096394e+02
   3.7170133e+02   3.7253789e+02
   3.7251298e+02   3.6605692e+02
   3.7251428e+02   4.0913279e+02
   3.7251428e+02   3.3865460e+02
   3.7252011e+02   3.1607371e+02
   3.7252011e+02   3.8260081e+02
   3.7251428e+02   3.9870289e+02
   3.7226461e+02   3.8526828e+02
   3.7183329e+02   3.3067888e+02
   3.7183329e+02   3.6682612e+02
   3.7176916e+02   4.3951095e+02
   3.7058169e+02   3.7970105e+02
   3.7058169e+02   3.3005676e+02
   3.7058169e+02   3.4592533e+02
   3.7094363e+02   4.3581873e+02
   3.7221448e+02   4.5533444e+02
   3.7370472e+02   3.5702608e+02
   3.7435969e+02   3.5373265e+02
   3.7435969e+02   4.1031054e+02
   3.7435969e+02   3.9315137e+02
   3.7352684e+02   3.9818750e+02
   3.7341529e+02   3.2258650e+02
   3.7231824e+02   3.4478309e+02
   3.7102511e+02   3.5664917e+02
   3.6966155e+02   3.8972844e+02
   3.6966155e+02   3.3894514e+02
   3.6966155e+02   3.2942328e+02
   3.6930241e+02   3.8906837e+02
   3.6930241e+02   3.8593221e+02
   3.6926848e+02   3.3423611e+02
   3.6926848e+02   2.7795791e+02
   3.6874917e+02   3.2543118e+02
   3.6791082e+02   4.3685195e+02
   3.6684154e+02   4.3602949e+02
   3.6573341e+02   3.2968368e+02
   3.6352534e+02   3.2264899e+02
   3.6138531e+02   3.7094091e+02
   3.5935218e+02   4.1871387e+02
   3.5935218e+02   3.6371804e+02
   3.5935218e+02   3.2456545e+02
   3.5935218e+02   3.7701334e+02
   3.5953852e+02   3.9019427e+02
   3.6309572e+02   3.3111548e+02
   3.6309572e+02   3.4286306e+02
   3.6309572e+02   3.3446300e+02
   3.6305058e+02   4.3399334e+02
   3.6304234e+02   3.5375327e+02
   3.6292041e+02   4.0238842e+02
   3.6186017e+02   3.5056526e+02
   3.6130697e+02   3.8880811e+02
   3.6112697e+02   4.0177758e+02
   3.6109909e+02   3.4457103e+02
   3.6097764e+02   3.1691625e+02
   3.6097764e+02   4.0301354e+02
   3.6077293e+02   3.6897337e+02
   3.6026463e+02   4.2493088e+02
   3.6000848e+02   3.4865487e+02
   3.5808557e+02   2.8262489e+02
   3.5644180e+02   3.6093265e+02
   3.4961794e+02   3.9155642e+02
   3.4110997e+02   3.6529396e+02
   3.4110997e+02   3.2919208e+02
   3.4110997e+02   3.5664184e+02
   3.4110997e+02   3.6571071e+02
   3.4180372e+02   3.3996222e+02
   3.4180372e+02   3.8430568e+02
   3.4180372e+02   3.2629382e+02
   3.4180372e+02   3.6398801e+02
   3.4058029e+02   3.7646758e+02
   3.4041146e+02   3.7996539e+02
   3.4022720e+02   2.8443920e+02
   3.3949908e+02   2.8440957e+02
   3.3913326e+02   3.8320299e+02
   3.3913326e+02   3.3443552e+02
   3.3913326e+02   3.2816352e+02
   3.3882836e+02   3.0567349e+02
   3.3882836e+02   3.4864761e+02
   3.3839279e+02   3.6759761e+02
   3.3771462e+02   3.4332665e+02
   3.3756624e+02   3.2029418e+02
   3.3578050e+02   2.7291983e+02
   3.3480429e+02   3.6460054e+02
   3.3456249e+02   3.1050126e+02
   3.3456249e+02   2.7041512e+02
   3.3456249e+02   2.9369283e+02
   3.3456249e+02   3.3971157e+02
   3.3501695e+02   4.3899987e+02
   3.3670132e+02   3.4356022e+02
   3.3670132e+02   3.0876347e+02
   3.3670132e+02   3.1235863e+02
   3.3623062e+02   3.7871364e+02
   3.3470915e+02   3.5927530e+02
   3.3451543e+02   2.9065061e+02
   3.3417904e+02   2.6086203e+02
   3.3104939e+02   3.5454778e+02
   3.2982413e+02   3.3162010e+02
   3.2928815e+02   2.9574705e+02
   3.2890433e+02   2.5003979e+02
   3.2858207e+02   2.9452534e+02
   3.2702124e+02   3.6024456e+02
   3.2702124e+02   3.4006984e+02
   3.2692883e+02   3.2882637e+02
   3.2692883e+02   2.8664796e+02
   3.2648527e+02   2.9792748e+02
   3.2539665e+02   3.5933540e+02
   3.2345967e+02   3.2226761e+02
   3.2334059e+02   2.8005764e+02
   3.2145608e+02   3.2459196e+02
   3.2114938e+02   4.0553603e+02
   3.2049142e+02   3.1134669e+02
   3.2049142e+02   2.3647913e+02
   3.1838277e+02   3.4648582e+02
   3.1768946e+02   3.1855273e+02
   3.1768946e+02   3.1208939e+02
   3.1768946e+02   2.8797884e+02
   3.1757836e+02   2.3632274e+02
   3.1757836e+02   3.1810455e+02
   3.1756543e+02   3.7861901e+02
   3.1745826e+02   3.5287508e+02
   3.1743724e+02   2.6947849e+02
   3.1735185e+02   3.3098637e+02
   3.1609085e+02   3.4612292e+02
   3.1538365e+02   3.2329005e+02
   3.1538365e+02   3.2796897e+02
   3.1340850e+02   2.6771186e+02
   3.1340850e+02   2.7292128e+02
   3.1245876e+02   3.3511455e+02
   3.1196692e+02   3.0151265e+02
   3.1006889e+02   2.7406097e+02
   3.0780998e+02   2.7291240e+02
   3.0567954e+02   3.3757045e+02
   3.0457674e+02   3.1568843e+02
   3.0457674e+02   3.3279604e+02
   3.0457674e+02   2.8744784e+02
   3.0457674e+02   3.2472849e+02
   3.0457674e+02   3.1320733e+02
   3.0457674e+02   3.2309173e+02
   3.0453204e+02   2.5285833e+02
   3.0319643e+02   3.1476561e+02
   3.0134774e+02   3.7609471e+02
   3.0134774e+02   2.9226329e+02
   3.0134774e+02   2.5662036e+02
   3.0281225e+02   2.4007126e+02
   3.0425033e+02   2.9806589e+02
   3.0704145e+02   3.4687736e+02
   3.0709389e+02   2.8353208e+02
   3.0709389e+02   2.4513525e+02
   3.0709389e+02   3.1976381e+02
   3.0709389e+02   3.6900733e+02
   3.0524026e+02   3.7027093e+02
   3.0056380e+02   2.7859539e+02
   2.9926410e+02   3.1502540e+02
   2.9926410e+02   3.2452965e+02
   2.9926410e+02   2.9391144e+02
   3.0040449e+02   2.8437322e+02
   3.0330170e+02   3.4462851e+02
   3.0357347e+02   3.0352123e+02
   3.0359146e+02   3.4159622e+02
   3.0383024e+02   2.9050892e+02
   3.0383024e+02   1.9889045e+02
   3.0383024e+02   2.8309696e+02
   3.0383024e+02   3.1900287e+02
   3.0331792e+02   3.3121734e+02
   3.0331792e+02   2.7278497e+02
   3.0331792e+02   3.0327582e+02
   3.0321451e+02   3.1386616e+02
   3.0321451e+02   3.3180513e+02
   3.0315682e+02   2.3790164e+02
   3.0315682e+02   2.6808328e+02
   3.0245678e+02   2.9550523e+02
   3.0238523e+02   3.7663223e+02
   3.0238523e+02   2.8657127e+02
   3.0238523e+02   2.7753588e+02
   3.0238523e+02   3.0436480e+02
   3.0243964e+02   3.0892770e+02
   3.0407790e+02   3.1826067e+02
   3.0427297e+02   3.4037799e+02
   3.0521328e+02   2.5395887e+02
   3.0531115e+02   2.5598159e+02
   3.0531115e+02   3.8727304e+02
   3.0531115e+02   3.3003802e+02
   3.0523248e+02   2.6518095e+02
   3.0506004e+02   2.7972134e+02
   3.0506004e+02   3.2926249e+02
   3.0506004e+02   3.2095966e+02
   3.0555788e+02   3.0582277e+02
   3.0742632e+02   3.0415769e+02
   3.0753608e+02   3.1318975e+02
   3.0826282e+02   3.3442205e+02
   3.0956489e+02   3.2506012e+02
   3.1003565e+02   2.6229970e+02
   3.1003565e+02   2.9677883e+02
   3.1003565e+02   2.9847961e+02
   3.0731879e+02   3.4377144e+02
   3.0675660e+02   3.0887836e+02
   3.0350633e+02   3.1007401e+02
   3.0350633e+02   3.5901171e+02
   3.0350633e+02   3.5804301e+02
   3.0350633e+02   3.4860035e+02
   3.0350633e+02   2.9236029e+02
   3.0458706e+02   3.1111016e+02
   3.0490800e+02   3.3230668e+02
   3.0506267e+02   3.2827972e+02
   3.0560317e+02   2.6029495e+02
   3.1802746e+02   2.5122653e+02
   3.1802746e+02   3.3969883e+02
   3.1802746e+02   3.8524786e+02
   3.1598206e+02   2.9966349e+02
   3.1411534e+02   3.2590416e+02
   3.1314795e+02   3.0458802e+02
   3.1166228e+02   3.3922468e+02
   3.1166228e+02   3.6585755e+02
   3.1166228e+02   2.8957596e+02
   3.1186065e+02   3.0741308e+02
   3.1186065e+02   3.2191650e+02
   3.1186065e+02   3.4667007e+02
   3.1186065e+02   3.2156975e+02
   3.1121435e+02   3.1017386e+02
   3.1105518e+02   3.0274696e+02
   3.1105518e+02   3.1697676e+02
   3.1105518e+02   3.7508915e+02
   3.1121435e+02   3.1673791e+02
   3.1180840e+02   3.1099302e+02
   3.1351586e+02   3.7524527e+02
   3.1584986e+02   3.3492915e+02
   3.1864244e+02   2.7114350e+02
   3.1904565e+02   2.9642738e+02
   3.2347442e+02   3.4781934e+02
   3.2481308e+02   3.2008675e+02
   3.2701947e+02   3.3657312e+02
   3.3436624e+02   2.9871893e+02
   3.4127775e+02   3.1221098e+02
   3.5236760e+02   4.1397672e+02
   3.6473796e+02   3.7375881e+02
   3.6614896e+02   3.2509296e+02
   3.6801842e+02   3.0846854e+02
   3.7311079e+02   3.8479521e+02
   3.7751932e+02   4.0528176e+02
   3.7945663e+02   3.7533481e+02
   3.8059232e+02   3.9400083e+02
   3.8402049e+02   4.0942056e+02
   3.8568234e+02   4.2140683e+02
   3.8682562e+02   4.5637455e+02
   3.8859036e+02   3.5428075e+02
   3.9060203e+02   2.9334091e+02
   3.9060203e+02   4.4669239e+02
   3.9060203e+02   4.1522112e+02
   3.8993146e+02   3.7523245e+02
   3.8944506e+02   3.9108686e+02
   3.8796896e+02   4.3305521e+02
   3.8695331e+02   3.7577794e+02
   3.8602019e+02   4.2550506e+02
   3.8562305e+02   3.1758615e+02
   3.8528495e+02   3.5145930e+02
   3.8458888e+02   4.2504201e+02
   3.8258404e+02   4.2382157e+02
   3.8258404e+02   3.8560812e+02
   3.8258404e+02   3.8792193e+02
   3.8335846e+02   3.6497502e+02
   3.8562100e+02   4.1207773e+02
   3.8588870e+02   4.0664702e+02
   3.9327757e+02   3.6693984e+02
   3.9827571e+02   4.0821566e+02
   3.9922671e+02   4.2901468e+02
   4.0388707e+02   4.5838181e+02
   4.0592548e+02   3.7623924e+02
   4.0603553e+02   4.0433975e+02
   4.0687455e+02   4.1631124e+02
   4.0728096e+02   4.4848574e+02
   4.0728096e+02   3.9237693e+02
   4.0728096e+02   3.7832067e+02
   4.0728096e+02   3.7770787e+02
   4.0728096e+02   4.1784726e+02
   4.0581979e+02   4.2666214e+02
   4.0270962e+02   4.0008536e+02
   4.0226602e+02   3.4386414e+02
   4.0226602e+02   4.2182554e+02
   4.0214685e+02   4.7183636e+02
   4.0194340e+02   4.0131105e+02
   4.0194340e+02   3.9884183e+02
   4.0140133e+02   3.8691300e+02
   4.0139217e+02   4.3786848e+02
   3.9751049e+02   3.6661435e+02
   3.9450830e+02   3.3484897e+02
   3.9280608e+02   3.4620151e+02
   3.9203490e+02   3.8903879e+02
   3.9203490e+02   3.9105595e+02
   3.9124379e+02   3.3242147e+02
   3.9124379e+02   2.8460693e+02
   3.9124379e+02   4.1200233e+02
   3.9393232e+02   4.4040531e+02
   4.0658493e+02   4.5716924e+02
   4.2328470e+02   4.2688209e+02
   4.2977998e+02   3.7746765e+02
   4.3032478e+02   4.8157629e+02
   4.3032478e+02   4.3160345e+02
   4.3032478e+02   4.4297728e+02
   4.2061398e+02   3.7476855e+02
   4.1689986e+02   4.3074968e+02
   4.1563836e+02   4.5280172e+02
   4.1531735e+02   4.5480295e+02
   4.1049782e+02   3.7760406e+02
   3.9602961e+02   3.3101468e+02
   3.8088961e+02   4.2618761e+02
   3.7124519e+02   4.2054903e+02
   3.6597985e+02   3.6072692e+02
   3.6597985e+02   3.1333706e+02
   3.6597985e+02   3.7174255e+02
   3.6597985e+02   3.8445662e+02
   3.6835169e+02   3.6993069e+02
   3.7188086e+02   3.5338117e+02
   3.7866395e+02   3.7183079e+02
   3.8418155e+02   3.7153201e+02
   3.9084005e+02   4.2541309e+02
   3.9691739e+02   4.0349119e+02
   3.9976242e+02   3.5780005e+02
   4.0209831e+02   4.2942903e+02
   4.0486528e+02   4.2386289e+02
   4.0487277e+02   3.5562907e+02
   4.0648240e+02   3.8972988e+02
   4.0648240e+02   3.7059249e+02
   4.0648240e+02   3.9606250e+02
   4.0523511e+02   3.4738368e+02
   4.0494710e+02   3.8778913e+02
   4.0494710e+02   4.0410556e+02
   4.0494710e+02   3.9509648e+02
   4.0523511e+02   4.0392263e+02
   4.0532874e+02   4.1231859e+02
   4.0532874e+02   3.5399068e+02
   4.0532874e+02   3.7605677e+02
   4.0532874e+02   4.0462284e+02
   4.0349752e+02   4.3971153e+02
   4.0010798e+02   3.5954903e+02
   3.9718173e+02   3.6747331e+02
   3.9710524e+02   3.9924691e+02
   3.9532892e+02   4.9287521e+02
   3.9233378e+02   4.0144612e+02
   3.8871323e+02   3.3126268e+02
   3.8663770e+02   3.6541464e+02
   3.8245396e+02   4.3778815e+02
   3.8138635e+02   3.9255839e+02
   3.7910611e+02   3.3083768e+02
   3.7771532e+02   3.2426007e+02
   3.7706437e+02   4.1570251e+02
   3.7515816e+02   4.2130649e+02
   3.7486024e+02   3.3989742e+02
   3.7355476e+02   3.2846972e+02
   3.7220936e+02   3.1084646e+02
   3.6988057e+02   3.7928163e+02
   3.6639411e+02   3.5630237e+02
   3.6463402e+02   3.4959331e+02
   3.6174274e+02   3.4660385e+02
   3.5850809e+02   3.9144831e+02
   3.5826194e+02   3.9403400e+02
   3.5440454e+02   3.3115188e+02
   3.5298955e+02   2.8756040e+02
   3.5128186e+02   3.3168659e+02
   3.4834169e+02   3.7724804e+02
   3.4671962e+02   3.5313435e+02
   3.4515184e+02   3.0606700e+02
   3.4232307e+02   3.2691539e+02
   3.3914557e+02   3.8973637e+02
   3.3560326e+02   3.5089252e+02
   3.3481904e+02   2.9381156e+02
   3.3342712e+02   2.8990790e+02
   3.3289048e+02   2.8656532e+02
   3.3014313e+02   3.7787375e+02
   3.2885357e+02   4.0656266e+02
   3.2749516e+02   2.9201145e+02
   3.2389398e+02   3.3235906e+02
   3.2311049e+02   3.2958089e+02
   3.1653463e+02   2.9247157e+02
   3.1517770e+02   2.7106502e+02
   3.1517770e+02   2.9492076e+02
   3.1433991e+02   3.3798633e+02
   3.1340474e+02   3.1703580e+02
   3.1340474e+02   2.9776215e+02
   3.1340474e+02   2.8547367e+02
   3.1294038e+02   2.8948866e+02
   3.0658809e+02   3.2191779e+02
   3.0658809e+02   3.0402704e+02
   3.0658809e+02   2.4456292e+02
   3.0726331e+02   2.8432615e+02
   3.0845188e+02   3.1714252e+02
   3.1031326e+02   3.6117772e+02
   3.1048316e+02   2.7529198e+02
   3.1048316e+02   2.9277369e+02
   3.1048316e+02   3.1363273e+02
   3.1048316e+02   3.5285935e+02
   3.1031892e+02   2.9850943e+02
   3.1004655e+02   2.5968773e+02
   3.1004655e+02   2.5943399e+02
   3.1004655e+02   3.5259940e+02
   3.1035732e+02   3.0914751e+02
   3.1154676e+02   2.2360330e+02
   3.1205022e+02   3.0350425e+02
   3.1205022e+02   2.7423586e+02
   3.1205022e+02   3.3834489e+02
   3.1205022e+02   3.1702183e+02
   3.1060399e+02   2.2212046e+02
   3.0800208e+02   3.0116338e+02
   2.9768683e+02   3.3046019e+02
   2.9643165e+02   3.2479122e+02
   2.9397519e+02   2.4234671e+02
   2.8939264e+02   2.1564087e+02
   2.8835110e+02   3.3517159e+02
   2.8835110e+02   3.1649718e+02
   2.8835110e+02   2.4546169e+02
   2.8920791e+02   2.2155613e+02
   2.8961648e+02   2.9181247e+02
   2.9272432e+02   3.2611276e+02
   2.9460976e+02   2.8585156e+02
   2.9577976e+02   2.6028712e+02
   2.9654067e+02   2.9258971e+02
   2.9787873e+02   3.2801841e+02
   3.0074447e+02   3.2944322e+02
   3.0246026e+02   2.4323477e+02
   3.0395435e+02   2.5225492e+02
   3.0624982e+02   3.2228919e+02
   3.0763300e+02   3.4232005e+02
   3.0833473e+02   3.0550855e+02
   3.0833473e+02   3.1900559e+02
   3.0833473e+02   2.7339391e+02
   3.0721139e+02   3.1023639e+02
   3.0667373e+02   3.3438671e+02
   3.0451913e+02   3.4360889e+02
   3.0353648e+02   3.0229303e+02
   3.0253228e+02   2.7210914e+02
   2.9743004e+02   3.4432210e+02
   2.9726455e+02   3.2789287e+02
   2.9663900e+02   2.4485746e+02
   2.9120326e+02   2.5427618e+02
   2.8897692e+02   2.8721771e+02
   2.8772444e+02   2.8651114e+02
   2.8316072e+02   2.0181584e+02
   2.8274495e+02   2.2883039e+02
   2.8181058e+02   3.1117335e+02
   2.7428583e+02   2.9205091e+02
   2.7206918e+02   3.1480270e+02
   2.7206918e+02   1.9663659e+02
   2.7206918e+02   2.6204153e+02
   2.7206918e+02   2.8518537e+02
   2.7227051e+02   2.9185020e+02
   2.7233358e+02   2.4053297e+02
   2.7412050e+02   2.1883332e+02
   2.7503139e+02   2.8570008e+02
   2.7714587e+02   3.4531998e+02
   2.7815005e+02   2.5256370e+02
   2.7954483e+02   2.3936319e+02
   2.7954483e+02   2.8576209e+02
   2.7954483e+02   3.2650493e+02
   2.7844454e+02   2.8897708e+02
   2.7462940e+02   2.6507521e+02
   2.7077426e+02   2.5626106e+02
   2.6611237e+02   3.1188089e+02
   2.6259151e+02   3.1602219e+02
   2.5824992e+02   2.6481572e+02
   2.5290213e+02   2.6684648e+02
   2.5154200e+02   2.4842906e+02
   2.4615635e+02   2.8807721e+02
   2.4218492e+02   2.4111111e+02
   2.4192280e+02   2.1997608e+02
   2.4192280e+02   2.1367545e+02
   2.4192280e+02   2.3593030e+02
   2.4521439e+02   2.2676475e+02
   2.4546551e+02   2.4598595e+02
   2.4546551e+02   2.2348688e+02
   2.4546551e+02   2.4355879e+02
   2.4394613e+02   2.6966552e+02
   2.3993167e+02   2.8297779e+02
   2.3748190e+02   2.1309965e+02
   2.3705642e+02   2.0414402e+02
   2.3695241e+02   2.5711018e+02
   2.3656655e+02   2.5924634e+02
   2.3530903e+02   1.8847316e+02
   2.3497023e+02   1.9978075e+02
   2.3247548e+02   3.0354963e+02
   2.3196664e+02   2.6809524e+02
   2.2914579e+02   2.3595037e+02
   2.2583037e+02   2.3014492e+02
   2.2583037e+02   2.1006415e+02
   2.2583037e+02   2.4020012e+02
   2.2720382e+02   2.5351973e+02
   2.2799325e+02   2.2527974e+02
   2.2888955e+02   2.1365213e+02
   2.2888955e+02   2.6307012e+02
   2.2888955e+02   2.5792824e+02
   2.2749022e+02   1.8129722e+02
   2.2690700e+02   1.8939266e+02
   2.2597170e+02   2.2586870e+02
   2.2262218e+02   2.5938993e+02
   2.2245326e+02   2.4376811e+02
   2.2000943e+02   1.6590383e+02
   2.1232083e+02   1.7520885e+02
   2.1215761e+02   2.2172123e+02
   2.1091307e+02   2.3251603e+02
   2.0998769e+02   1.8144532e+02
   2.0967214e+02   1.5408527e+02
   2.0893251e+02   2.4272417e+02
   2.0893251e+02   2.7949385e+02
   2.0638604e+02   2.0067146e+02
   2.0386281e+02   1.6111607e+02
   2.0336847e+02   1.5045303e+02
   2.0117896e+02   2.2058780e+02
   1.9885573e+02   2.6231368e+02
   1.9590070e+02   2.2522376e+02
   1.9454281e+02   1.5846563e+02
   1.9398685e+02   2.1461683e+02
   1.9239602e+02   1.8425501e+02
   1.8987646e+02   2.3078407e+02
   1.8777501e+02   1.8794656e+02
   1.8721311e+02   1.1463168e+02
   1.8595890e+02   2.0324721e+02
   1.8416658e+02   2.3324737e+02
   1.8416658e+02   1.1841327e+02
   1.8416658e+02   1.4301741e+02
   1.8406852e+02   1.7401044e+02
   1.8406852e+02   2.3709146e+02
   1.8406852e+02   1.9407923e+02
   1.8380525e+02   1.3049127e+02
   1.8370790e+02   1.7148780e+02
   1.8271384e+02   2.4210873e+02
   1.8192641e+02   1.8900162e+02
   1.7948680e+02   1.3698703e+02
   1.7791578e+02   1.7647797e+02
   1.7636890e+02   1.9847097e+02
   1.7596902e+02   1.8594347e+02
   1.7537528e+02   1.3052414e+02
   1.7436623e+02   1.3764726e+02
   1.7391393e+02   1.8834978e+02
   1.7346575e+02   1.9946430e+02
   1.7346541e+02   2.0219074e+02
   1.7154123e+02   1.9557529e+02
   1.7015929e+02   1.0481938e+02
   1.6757261e+02   1.4849762e+02
   1.6428566e+02   2.3102834e+02
   1.6334561e+02   1.5799485e+02
   1.6306167e+02   1.4715930e+02
   1.6213943e+02   1.9976437e+02
   1.6181241e+02   2.0770463e+02
   1.6181241e+02   1.4310110e+02
   1.6159526e+02   1.1330748e+02
   1.6159526e+02   1.6993555e+02
   1.6109636e+02   1.4522017e+02
   1.6052114e+02   1.8781400e+02
   1.5945815e+02   1.6107357e+02
   1.5945815e+02   1.4320782e+02
   1.5945815e+02   1.4977126e+02
   1.5945815e+02   2.0069460e+02
   1.5945815e+02   1.6858765e+02
   1.5964204e+02   1.0068259e+02
   1.5964204e+02   8.0833580e+01
   1.6021106e+02   1.9330543e+02
   1.6098841e+02   1.6458172e+02
   1.6156828e+02   1.7009850e+02
   1.6156828e+02   1.0676646e+02
   1.6156828e+02   1.7415586e+02
   1.6156828e+02   2.0925745e+02
   1.6059478e+02   1.7379302e+02
   1.5715589e+02   1.4990834e+02
   1.5676843e+02   1.4736280e+02
   1.5491767e+02   2.3874356e+02
   1.5420623e+02   1.4096742e+02
   1.5342132e+02   1.8686340e+02
   1.5234675e+02   1.4527569e+02
   1.5097173e+02   1.2671834e+02
   1.5045239e+02   1.9428870e+02
   1.5037635e+02   1.6303171e+02
   1.5037635e+02   9.5943022e+01
   1.5037635e+02   1.0102221e+02
   1.5098211e+02   2.0022311e+02
   1.5280389e+02   1.1986765e+02
   1.5281425e+02   1.0935814e+02
   1.5320004e+02   1.9488424e+02
   1.5320004e+02   1.6064704e+02
   1.5320004e+02   1.8795276e+02
   1.5303077e+02   1.7983163e+02
   1.5243763e+02   1.1194127e+02
   1.5177887e+02   1.4461573e+02
   1.5177887e+02   2.0514626e+02
   1.5177887e+02   1.4678416e+02
   1.5168461e+02   9.8517005e+01
   1.5177887e+02   1.2591837e+02
   1.5177887e+02   2.2561742e+02
   1.5128374e+02   2.4713553e+02
   1.5128374e+02   1.0225748e+02
