   5.0635539e+02   4.9118983e+02
   5.0589037e+02   5.2192434e+02
   5.0556228e+02   5.0999619e+02
   5.0556228e+02   4.4393710e+02
   5.0556228e+02   4.3049146e+02
   5.0581458e+02   5.2358349e+02
   5.0656956e+02   5.3493173e+02
   5.0656956e+02   4.3422497e+02
   5.0656956e+02   5.6219546e+02
   5.0655811e+02   5.0887844e+02
   5.0655811e+02   5.4380937e+02
   5.0655811e+02   4.1354449e+02
   5.0655811e+02   5.2409861e+02
   5.0694130e+02   5.1366706e+02
   5.0811938e+02   5.0184552e+02
   5.0870501e+02   4.9699345e+02
   5.0904413e+02   4.9001675e+02
   5.0981196e+02   5.3691130e+02
   5.1003965e+02   5.5411916e+02
   5.1018080e+02   4.9767925e+02
   5.1023259e+02   5.1397557e+02
   5.1097075e+02   5.0019541e+02
   5.1114642e+02   4.9181007e+02
   5.1187923e+02   4.7283097e+02
   5.1289803e+02   5.9219425e+02
   5.1388765e+02   4.5632626e+02
   5.1481274e+02   5.7196020e+02
   5.1642808e+02   4.9683688e+02
   5.1693160e+02   6.0334609e+02
   5.1718061e+02   5.9474419e+02
   5.1718061e+02   4.9943765e+02
   5.1718061e+02   5.2657989e+02
   5.1645664e+02   5.1145967e+02
   5.1576467e+02   5.1688877e+02
   5.1510342e+02   5.7244677e+02
   5.1510342e+02   4.7187497e+02
   5.1510342e+02   5.0178332e+02
   5.1511051e+02   5.5382694e+02
   5.1538295e+02   4.7108963e+02
   5.1538295e+02   5.2291639e+02
   5.1538295e+02   4.2941246e+02
   5.1531438e+02   6.0025724e+02
   5.1409301e+02   5.4176303e+02
   5.1361077e+02   4.7728872e+02
   5.1311795e+02   5.4820371e+02
   5.1305230e+02   4.7562400e+02
   5.1298949e+02   5.5042865e+02
   5.1298297e+02   4.3613765e+02
   5.1251726e+02   5.5068409e+02
   5.1251726e+02   4.4363563e+02
   5.1251726e+02   5.4004399e+02
   5.1271862e+02   3.5479904e+02
   5.1271862e+02   4.9742129e+02
   5.1271862e+02   6.0534424e+02
   5.1172787e+02   5.4953422e+02
   5.1071067e+02   4.3705420e+02
   5.0913277e+02   5.4008021e+02
   5.0742777e+02   5.2575154e+02
   5.0695759e+02   5.0047968e+02
   5.0437321e+02   4.7875851e+02
   5.0172795e+02   5.3403366e+02
   4.9854661e+02   5.1571738e+02
   4.9577027e+02   4.8452462e+02
   4.9245348e+02   3.5738679e+02
   4.9077173e+02   4.8363415e+02
   4.8873328e+02   5.2447593e+02
   4.8678249e+02   5.5637512e+02
   4.8475443e+02   4.4092830e+02
   4.8288839e+02   5.0784715e+02
   4.8041561e+02   5.3393167e+02
   4.7877345e+02   4.9003411e+02
   4.7813670e+02   3.9811283e+02
   4.7813670e+02   5.0188010e+02
   4.7813670e+02   5.0817033e+02
   4.7816566e+02   4.9435182e+02
   4.7832462e+02   5.0819320e+02
   4.7832462e+02   5.0742391e+02
   4.7832462e+02   5.5010145e+02
   4.7728453e+02   4.3909861e+02
   4.7680685e+02   4.9412406e+02
   4.7615341e+02   4.7306846e+02
   4.7496905e+02   4.8472783e+02
   4.7407360e+02   4.4011353e+02
   4.7324515e+02   4.7494157e+02
   4.7179872e+02   5.2239454e+02
   4.7005984e+02   5.7537256e+02
   4.6907812e+02   4.2384696e+02
   4.6808419e+02   3.8269856e+02
   4.6705751e+02   4.5227281e+02
   4.6705751e+02   4.7934729e+02
   4.6705751e+02   4.4141674e+02
   4.6805612e+02   3.7663307e+02
   4.7096760e+02   4.4332456e+02
   4.7404705e+02   5.2957116e+02
   4.7908472e+02   4.8828754e+02
   4.8315401e+02   3.4003741e+02
   4.8690875e+02   4.8444044e+02
   4.8935596e+02   5.0620781e+02
   4.9058610e+02   4.9592631e+02
   4.9058610e+02   4.8462668e+02
   4.9058610e+02   5.0878001e+02
   4.9058610e+02   4.6948696e+02
   4.8993189e+02   4.6073424e+02
   4.8906752e+02   3.5382484e+02
   4.8899578e+02   4.8753901e+02
   4.8846078e+02   4.8659858e+02
   4.8766930e+02   4.9374807e+02
   4.8709272e+02   4.0420859e+02
   4.8670271e+02   4.7214639e+02
   4.8616346e+02   4.7154273e+02
   4.8590714e+02   4.6633946e+02
   4.8565001e+02   4.0576493e+02
   4.8470062e+02   5.4257234e+02
   4.8341218e+02   5.6726435e+02
   4.8219860e+02   5.4060545e+02
   4.8074483e+02   4.6822629e+02
   4.7876441e+02   5.4099654e+02
   4.7771986e+02   5.0950709e+02
   4.7663269e+02   4.2701618e+02
   4.7663269e+02   4.9372960e+02
   4.7663269e+02   4.4478812e+02
   4.7748492e+02   5.7305901e+02
   4.7859501e+02   4.9631687e+02
   4.7999470e+02   4.5995852e+02
   4.8272540e+02   5.4903399e+02
   4.8384007e+02   5.0174147e+02
   4.8441633e+02   4.0332704e+02
   4.8514369e+02   4.5760054e+02
   4.8514369e+02   4.3444180e+02
   4.8557616e+02   4.4829706e+02
   4.8572123e+02   4.7496890e+02
   4.8572123e+02   5.1248073e+02
   4.8572814e+02   4.2144402e+02
   4.8632872e+02   5.2851126e+02
   4.8682227e+02   4.8752916e+02
   4.8770530e+02   3.7526357e+02
   4.8773108e+02   5.1469197e+02
   4.8773108e+02   4.6416462e+02
   4.8773108e+02   5.2884636e+02
   4.8773108e+02   4.0531731e+02
   4.8773108e+02   4.4292666e+02
   4.8759479e+02   4.9582596e+02
   4.8740657e+02   5.1386997e+02
   4.8708084e+02   4.3217399e+02
   4.8678136e+02   5.3626549e+02
   4.8591031e+02   5.1492099e+02
   4.8493572e+02   4.9098784e+02
   4.8363369e+02   3.8210252e+02
   4.8267992e+02   6.3618663e+02
   4.8097564e+02   6.0032864e+02
   4.7935674e+02   4.8746426e+02
   4.7935674e+02   4.2674297e+02
   4.7935674e+02   5.1334694e+02
   4.7937840e+02   5.5296943e+02
   4.8030467e+02   4.4852704e+02
   4.8179491e+02   3.3312427e+02
   4.8275011e+02   5.1727122e+02
   4.8402486e+02   4.9480504e+02
   4.8430627e+02   5.3126123e+02
   4.8474802e+02   5.1499778e+02
   4.8528860e+02   4.3686685e+02
   4.8528860e+02   5.8565723e+02
   4.8528860e+02   5.1130042e+02
   4.8502416e+02   4.7752791e+02
   4.8501961e+02   5.1473021e+02
   4.8415693e+02   6.2351043e+02
   4.8270399e+02   4.7881747e+02
   4.8259563e+02   4.8057791e+02
   4.8196349e+02   5.0830143e+02
   4.8125749e+02   4.2015943e+02
   4.8025788e+02   4.2308243e+02
   4.7957930e+02   3.8037446e+02
   4.7892813e+02   5.3647877e+02
   4.7881193e+02   5.3838496e+02
   4.7809511e+02   3.8729041e+02
   4.7806872e+02   4.1768214e+02
   4.7805207e+02   4.6249288e+02
   4.7800917e+02   5.1975920e+02
   4.7626780e+02   5.1337679e+02
   4.7612776e+02   3.7327967e+02
   4.7598461e+02   4.5873278e+02
   4.7598461e+02   6.0573379e+02
   4.7598461e+02   4.6448881e+02
   4.7623506e+02   5.3724414e+02
   4.7650893e+02   4.5431283e+02
   4.7650893e+02   5.6211920e+02
   4.7650893e+02   4.9041926e+02
   4.7650893e+02   3.8788688e+02
   4.7610804e+02   4.3467466e+02
   4.7591287e+02   5.8691600e+02
   4.7525142e+02   4.2928475e+02
   4.7525142e+02   4.0937628e+02
   4.7525142e+02   4.1383903e+02
   4.7525142e+02   5.6853654e+02
   4.7545743e+02   5.3276108e+02
   4.7545743e+02   3.7706234e+02
   4.7545743e+02   5.9059730e+02
   4.7504085e+02   5.1085984e+02
   4.7455223e+02   4.6328808e+02
   4.7342720e+02   4.7664125e+02
   4.7342720e+02   3.8928213e+02
   4.7342720e+02   5.3480323e+02
   4.7339024e+02   5.0749214e+02
   4.7328137e+02   4.3420853e+02
   4.7327798e+02   4.9245649e+02
   4.7294713e+02   5.6023911e+02
   4.7205992e+02   4.6055256e+02
   4.7091318e+02   4.2221996e+02
   4.7025585e+02   4.0596870e+02
   4.6949377e+02   5.3074123e+02
   4.6849876e+02   4.8316602e+02
   4.6735160e+02   4.6497570e+02
   4.6592425e+02   5.0262653e+02
   4.6462791e+02   4.7125276e+02
   4.6405667e+02   4.8992137e+02
   4.6286897e+02   4.7437943e+02
   4.6224998e+02   4.1617522e+02
   4.6144627e+02   5.5780193e+02
   4.6055222e+02   5.4568518e+02
   4.5936974e+02   3.9030103e+02
   4.5820702e+02   4.8398476e+02
   4.5719641e+02   5.1469292e+02
   4.5659177e+02   4.3242023e+02
   4.5643525e+02   3.9050825e+02
   4.5643525e+02   4.2531068e+02
   4.5635996e+02   4.3522771e+02
   4.5635996e+02   4.1185888e+02
   4.5635996e+02   3.2711204e+02
   4.5557444e+02   4.7988422e+02
   4.5460146e+02   5.7742365e+02
   4.5287436e+02   4.3412012e+02
   4.5165554e+02   3.6740063e+02
   4.5080354e+02   4.6993829e+02
   4.5067432e+02   5.1547160e+02
   4.5066476e+02   4.0525025e+02
   4.5046197e+02   3.8755073e+02
   4.5024720e+02   4.8999467e+02
   4.4930610e+02   5.4220923e+02
   4.4776402e+02   4.7335611e+02
   4.4669821e+02   3.6719720e+02
   4.4599899e+02   3.9124421e+02
   4.4517205e+02   4.9982212e+02
   4.4517205e+02   4.6972516e+02
   4.4509039e+02   3.7376501e+02
   4.4499457e+02   5.0627031e+02
   4.4415110e+02   5.3266136e+02
   4.4320844e+02   4.3664543e+02
   4.4263419e+02   4.1618790e+02
   4.4185188e+02   4.6006388e+02
   4.4178423e+02   4.4513560e+02
   4.4166810e+02   3.8858697e+02
   4.4156196e+02   4.6240301e+02
   4.4129667e+02   4.5795832e+02
   4.4090442e+02   4.9466360e+02
   4.3948015e+02   4.2360072e+02
   4.3908515e+02   3.3382071e+02
   4.3895264e+02   4.6503044e+02
   4.3802683e+02   4.7440960e+02
   4.3725774e+02   3.9027737e+02
   4.3725590e+02   4.8101685e+02
   4.3700109e+02   4.5079280e+02
   4.3654832e+02   5.0398444e+02
   4.3588778e+02   3.9212022e+02
   4.3517237e+02   4.1493054e+02
   4.3410378e+02   4.2767883e+02
   4.3310771e+02   4.9985748e+02
   4.3257487e+02   4.6138009e+02
   4.3241473e+02   4.5548315e+02
   4.3235306e+02   3.7693602e+02
   4.3110878e+02   4.2868345e+02
   4.3036689e+02   4.7949098e+02
   4.3002058e+02   4.0902495e+02
   4.2897867e+02   4.0696409e+02
   4.2897867e+02   4.6448053e+02
   4.2881941e+02   4.6164426e+02
   4.2821651e+02   3.7141382e+02
   4.2796340e+02   5.1079215e+02
   4.2683510e+02   5.0991032e+02
   4.2570557e+02   3.3743294e+02
   4.2485790e+02   3.6387396e+02
   4.2384727e+02   4.0888588e+02
   4.2367647e+02   5.2763393e+02
   4.2361840e+02   4.2828749e+02
   4.2337373e+02   3.0339280e+02
   4.2332245e+02   4.1517916e+02
   4.2328616e+02   5.5092614e+02
   4.2315480e+02   4.1473271e+02
   4.2300464e+02   3.2746383e+02
   4.2300464e+02   4.3993971e+02
   4.2222048e+02   5.5506787e+02
   4.2143191e+02   4.3662267e+02
   4.2048303e+02   3.0863533e+02
   4.2003514e+02   4.6891838e+02
   4.1943521e+02   5.7418952e+02
   4.1940139e+02   4.5991044e+02
   4.1920004e+02   4.2275292e+02
   4.1899715e+02   3.9062885e+02
   4.1834233e+02   4.3907067e+02
   4.1813632e+02   3.7146408e+02
   4.1714086e+02   3.4137263e+02
   4.1579242e+02   3.8349731e+02
   4.1412216e+02   5.0581469e+02
   4.1260394e+02   4.0699727e+02
   4.1073099e+02   4.1560967e+02
   4.0963462e+02   4.2535005e+02
   4.0877029e+02   4.5852290e+02
   4.0845480e+02   3.2781803e+02
   4.0714773e+02   3.0724331e+02
   4.0577866e+02   4.5166850e+02
   4.0441993e+02   4.6521620e+02
   4.0246577e+02   4.0343969e+02
   4.0118279e+02   3.6612660e+02
   3.9936297e+02   3.5151641e+02
   3.9732252e+02   4.4742709e+02
   3.9732252e+02   3.6336388e+02
   3.9732252e+02   3.1094934e+02
   3.9767496e+02   4.3064011e+02
   3.9767496e+02   4.9996096e+02
   3.9767496e+02   4.3474838e+02
   3.9701034e+02   4.1826272e+02
   3.9445841e+02   3.9248564e+02
   3.9331414e+02   4.0393186e+02
   3.9331414e+02   3.9104551e+02
   3.9331414e+02   3.1037466e+02
   3.9504291e+02   3.7177341e+02
   3.9574695e+02   4.5872534e+02
   3.9574695e+02   3.8521697e+02
   3.9574695e+02   4.3110617e+02
   3.9500441e+02   3.5365761e+02
   3.9467268e+02   4.6728818e+02
   3.9427229e+02   3.7290040e+02
   3.9279542e+02   3.1370983e+02
   3.9190352e+02   3.7599259e+02
   3.9072159e+02   4.5897462e+02
   3.8986442e+02   3.0288215e+02
   3.8948600e+02   3.4390804e+02
   3.8948600e+02   3.5608342e+02
   3.8948600e+02   4.1303140e+02
   3.9022470e+02   4.3848362e+02
   3.9022470e+02   4.2385491e+02
   3.9022470e+02   3.0537165e+02
   3.8795065e+02   4.0810120e+02
   3.8705312e+02   3.9561499e+02
   3.8594711e+02   3.4012612e+02
   3.8547498e+02   4.1724801e+02
   3.8547498e+02   4.4109570e+02
   3.8547498e+02   3.4075811e+02
   3.8709835e+02   3.5169184e+02
   3.8782932e+02   3.2466744e+02
   3.8873045e+02   4.1549845e+02
   3.8873045e+02   4.4316814e+02
   3.8873045e+02   3.1607461e+02
   3.8873045e+02   4.3986125e+02
   3.8867037e+02   4.7520323e+02
   3.8753826e+02   3.9920555e+02
   3.8435017e+02   3.7125050e+02
   3.7451595e+02   3.8319007e+02
   3.7451595e+02   4.5791413e+02
   3.7451595e+02   4.0573456e+02
   3.7812986e+02   2.6133420e+02
   3.7812986e+02   4.0458353e+02
   3.7812986e+02   3.6488587e+02
   3.7385588e+02   4.0262561e+02
   3.7362162e+02   3.7286092e+02
   3.7316245e+02   3.6594094e+02
   3.7194608e+02   3.6541872e+02
   3.7194608e+02   2.9439847e+02
   3.7194608e+02   3.5823404e+02
   3.7194608e+02   2.8435232e+02
   3.7082393e+02   4.3315087e+02
   3.7082393e+02   3.4371295e+02
   3.7082393e+02   3.1213275e+02
   3.7329462e+02   3.5281794e+02
   3.7329462e+02   4.1069259e+02
   3.7329462e+02   4.5543180e+02
   3.7207900e+02   3.6644277e+02
   3.7134134e+02   4.2293509e+02
   3.6980420e+02   4.5996970e+02
   3.6980420e+02   3.6029866e+02
   3.6980420e+02   2.7620803e+02
   3.7375071e+02   3.9936868e+02
   3.7430527e+02   3.0371114e+02
   3.7430527e+02   4.5588599e+02
   3.7430527e+02   3.3855050e+02
   3.7430527e+02   4.1597475e+02
   3.7430527e+02   4.5266025e+02
   3.7490815e+02   3.5385774e+02
   3.7490815e+02   2.3791570e+02
   3.7490815e+02   4.1045000e+02
   3.7438276e+02   3.4383875e+02
   3.7370980e+02   3.3755380e+02
   3.6735114e+02   3.2614852e+02
   3.6735114e+02   3.6102032e+02
   3.6735114e+02   4.1421053e+02
   3.7040917e+02   4.6290432e+02
   3.7470071e+02   3.0479089e+02
   3.7470071e+02   4.2626412e+02
   3.7470071e+02   4.4451971e+02
   3.7422361e+02   4.2526226e+02
   3.7163400e+02   3.2719750e+02
   3.7057734e+02   3.1118062e+02
   3.6748519e+02   3.9779753e+02
   3.6586144e+02   3.8396418e+02
   3.6576072e+02   3.0691784e+02
   3.6536437e+02   3.4588514e+02
   3.6536437e+02   2.6698881e+02
   3.6533737e+02   4.0297779e+02
   3.6533737e+02   2.9597240e+02
   3.6498943e+02   3.9125515e+02
   3.6345552e+02   4.3798131e+02
   3.6097126e+02   3.8175894e+02
   3.6060872e+02   3.6989409e+02
   3.6060872e+02   4.1515814e+02
   3.6060872e+02   4.5094227e+02
   3.6097126e+02   2.5712983e+02
   3.6348958e+02   2.7896137e+02
   3.6521947e+02   4.0844333e+02
   3.6690487e+02   4.3462783e+02
   3.6790217e+02   3.3186269e+02
   3.6953294e+02   3.4671412e+02
   3.6953294e+02   3.7890939e+02
   3.6953294e+02   3.9120754e+02
   3.6953294e+02   3.8622499e+02
   3.6857899e+02   2.9684365e+02
   3.6784863e+02   3.8551700e+02
   3.6734059e+02   4.6120313e+02
   3.6734059e+02   3.6215979e+02
   3.6704123e+02   2.7741354e+02
   3.6704123e+02   4.7021464e+02
   3.6691386e+02   3.8405969e+02
   3.6691386e+02   3.9563414e+02
   3.6639339e+02   3.2525441e+02
   3.6571536e+02   4.3926219e+02
   3.6466886e+02   3.9216607e+02
   3.6466886e+02   3.6752464e+02
   3.6466886e+02   3.8325161e+02
   3.6466886e+02   3.4818330e+02
   3.6496521e+02   3.6810105e+02
   3.6539650e+02   3.6978642e+02
   3.6539650e+02   3.2907517e+02
   3.6561963e+02   3.9675694e+02
   3.6770373e+02   4.9854967e+02
   3.6964500e+02   3.5274857e+02
   3.6964500e+02   2.5846784e+02
   3.6964500e+02   3.6642791e+02
   3.6950720e+02   4.6112605e+02
   3.6773944e+02   3.0076238e+02
   3.6262748e+02   2.9268244e+02
   3.6262748e+02   2.7053546e+02
   3.6262748e+02   4.7612527e+02
   3.6524306e+02   3.8386399e+02
   3.6524306e+02   3.8987087e+02
   3.6524306e+02   4.2149977e+02
   3.6524306e+02   4.1334873e+02
   3.6651545e+02   2.7348598e+02
   3.6651545e+02   3.2015175e+02
   3.6663420e+02   3.5003551e+02
   3.6679698e+02   4.3702825e+02
   3.6738058e+02   4.4814556e+02
   3.6957885e+02   5.0047226e+02
   3.6968072e+02   4.8419866e+02
   3.7066037e+02   4.9054479e+02
   3.7280259e+02   3.3559412e+02
   3.7280259e+02   2.6022963e+02
   3.7284088e+02   3.2524203e+02
   3.7284088e+02   4.4936420e+02
   3.7280259e+02   3.4052122e+02
   3.7280259e+02   3.9439272e+02
   3.7284088e+02   3.4037539e+02
   3.7240113e+02   4.5619919e+02
   3.7240113e+02   3.4300352e+02
   3.7240113e+02   3.4382615e+02
   3.7240113e+02   3.9493425e+02
   3.6966462e+02   3.9750589e+02
   3.6963604e+02   3.1061569e+02
   3.6963604e+02   2.7769676e+02
   3.6963604e+02   4.2864648e+02
   3.7101252e+02   4.3789125e+02
   3.7431046e+02   3.3217016e+02
   3.7654577e+02   3.7496766e+02
   3.7654577e+02   3.2829942e+02
   3.7654577e+02   3.9425212e+02
   3.7441853e+02   3.9975500e+02
   3.7060622e+02   2.3903457e+02
   3.7060622e+02   3.1662698e+02
   3.7060622e+02   4.1414323e+02
   3.7057959e+02   3.9456980e+02
   3.7036407e+02   2.6614881e+02
   3.7024569e+02   2.8160909e+02
   3.6881756e+02   4.3038925e+02
   3.6881756e+02   3.6008022e+02
   3.6881756e+02   2.8439712e+02
   3.6908674e+02   3.8885200e+02
   3.6934533e+02   4.2763742e+02
   3.6934533e+02   4.1501937e+02
   3.6934533e+02   3.0632322e+02
   3.6715624e+02   2.6692819e+02
   3.6521451e+02   4.9931326e+02
   3.5916928e+02   2.7853623e+02
   3.5916928e+02   3.0826795e+02
   3.5916928e+02   3.4523303e+02
   3.5916928e+02   4.3280540e+02
   3.6146401e+02   3.3794738e+02
   3.6173132e+02   2.8549699e+02
   3.6190497e+02   3.7564251e+02
   3.6263942e+02   5.0443559e+02
   3.6412675e+02   2.8819548e+02
   3.6412675e+02   2.6888140e+02
   3.6412675e+02   3.6072322e+02
   3.6412675e+02   4.7927938e+02
   3.5991070e+02   4.0759374e+02
   3.5991070e+02   2.5443211e+02
   3.5991070e+02   3.8853615e+02
   3.6091048e+02   4.4105043e+02
   3.6091048e+02   3.3093071e+02
   3.6091048e+02   2.3289272e+02
   3.6091048e+02   4.4377000e+02
   3.6064163e+02   4.3933114e+02
   3.6012767e+02   3.6226887e+02
   3.5999407e+02   2.8023934e+02
   3.5663508e+02   3.2311176e+02
   3.5034291e+02   4.1620847e+02
   3.4081536e+02   2.8246432e+02
   3.4081536e+02   3.2763629e+02
   3.4081536e+02   3.1689425e+02
   3.4081536e+02   4.4887308e+02
   3.4177933e+02   3.5687837e+02
   3.4191470e+02   2.0836530e+02
   3.4191470e+02   4.2409831e+02
   3.4191470e+02   3.3589433e+02
   3.4006326e+02   2.9098855e+02
   3.3983016e+02   2.7807344e+02
   3.3983016e+02   2.8730965e+02
   3.3983016e+02   4.0506010e+02
   3.3946273e+02   2.6846824e+02
   3.3946273e+02   3.3008603e+02
   3.3893365e+02   3.6870437e+02
   3.3891351e+02   3.5370389e+02
   3.3879351e+02   3.8316860e+02
   3.3879351e+02   3.6463797e+02
   3.3879351e+02   2.9553116e+02
   3.3879351e+02   3.9010632e+02
   3.3769576e+02   2.6378770e+02
   3.3461852e+02   3.3216399e+02
   3.3247015e+02   4.2461850e+02
   3.3247015e+02   4.7847154e+02
   3.3247015e+02   3.6078630e+02
   3.3458827e+02   2.6068498e+02
   3.3709924e+02   2.0139184e+02
   3.3720419e+02   3.7448926e+02
   3.3720419e+02   3.7475677e+02
   3.3720419e+02   2.6897880e+02
   3.3593906e+02   2.9518028e+02
   3.3449689e+02   4.4696348e+02
   3.3431021e+02   2.9023090e+02
   3.3388613e+02   2.1762181e+02
   3.3383250e+02   3.0500033e+02
   3.3222623e+02   4.4442990e+02
   3.2920130e+02   3.7677169e+02
   3.2723611e+02   2.3049108e+02
   3.2723611e+02   2.5088807e+02
   3.2723611e+02   3.0289366e+02
   3.2723611e+02   4.2551963e+02
   3.2723611e+02   2.8362221e+02
   3.2723611e+02   2.6852007e+02
   3.2578987e+02   4.1911072e+02
   3.2446639e+02   3.5049493e+02
   3.2411840e+02   2.1465891e+02
   3.2205269e+02   3.2449923e+02
   3.2205269e+02   3.4649354e+02
   3.2035911e+02   3.4430536e+02
   3.2017376e+02   4.1090637e+02
   3.2003423e+02   3.6170198e+02
   3.1989119e+02   4.1424810e+02
   3.1989119e+02   3.2295862e+02
   3.1860530e+02   2.3914550e+02
   3.1560423e+02   2.6923202e+02
   3.1560423e+02   2.7311511e+02
   3.1560423e+02   3.0764266e+02
   3.1854349e+02   1.7670421e+02
   3.1854349e+02   3.4071016e+02
   3.1854349e+02   4.1047288e+02
   3.1655349e+02   2.8161372e+02
   3.1655349e+02   2.4895203e+02
   3.1416712e+02   3.1833721e+02
   3.1416712e+02   4.1200168e+02
   3.1416712e+02   2.6521990e+02
   3.1416712e+02   2.7611673e+02
   3.1416712e+02   2.9435571e+02
   3.1410350e+02   2.4823069e+02
   3.1367703e+02   2.2166565e+02
   3.0966000e+02   1.6802471e+02
   3.0125866e+02   3.0616745e+02
   3.0125866e+02   4.0731114e+02
   3.0125866e+02   2.5067106e+02
   3.0385380e+02   2.0370263e+02
   3.0689692e+02   3.2985970e+02
   3.0689692e+02   4.0187701e+02
   3.0689692e+02   2.9118220e+02
   3.0466432e+02   2.6616836e+02
   3.0083312e+02   3.0219503e+02
   3.0083312e+02   3.0085591e+02
   3.0083312e+02   2.8973281e+02
   3.0110833e+02   2.4837580e+02
   3.0139657e+02   3.6418892e+02
   3.0522174e+02   3.8023849e+02
   3.0613978e+02   2.9774070e+02
   3.0880430e+02   2.0679669e+02
   3.0880430e+02   3.3071718e+02
   3.0880430e+02   2.8539425e+02
   3.0719914e+02   2.1102717e+02
   3.0602507e+02   2.9380044e+02
   3.0253959e+02   2.5120454e+02
   3.0096329e+02   3.7745170e+02
   2.9802889e+02   3.2071467e+02
   2.9802889e+02   2.9532768e+02
   2.9802889e+02   2.7985405e+02
   3.0500559e+02   3.8509753e+02
   3.0500559e+02   3.2127862e+02
   3.0500559e+02   3.6625681e+02
   3.0359988e+02   3.4842311e+02
   3.0359988e+02   3.2878952e+02
   3.0359988e+02   2.7170174e+02
   3.0400627e+02   2.6541169e+02
   3.0432906e+02   3.4223931e+02
   3.0432906e+02   3.4415461e+02
   3.0432906e+02   2.6603151e+02
   3.0273785e+02   3.3543239e+02
   3.0273785e+02   3.0169568e+02
   3.0273785e+02   2.6243081e+02
   3.0318279e+02   1.9404505e+02
   3.0318279e+02   2.7055600e+02
   3.0318279e+02   2.8474153e+02
   3.0139091e+02   4.0537916e+02
   3.0088329e+02   3.0949024e+02
   3.0088329e+02   2.6330447e+02
   3.0088329e+02   3.4924763e+02
   3.0532870e+02   3.2116224e+02
   3.0595106e+02   3.0991678e+02
   3.0595106e+02   2.7475562e+02
   3.0595106e+02   3.4414871e+02
   3.0554033e+02   4.5023240e+02
   3.0476855e+02   3.2754153e+02
   3.0476855e+02   2.2198282e+02
   3.0476855e+02   2.9202826e+02
   3.0515234e+02   3.1823858e+02
   3.0573653e+02   3.4573200e+02
   3.0575373e+02   2.5889545e+02
   3.0588574e+02   2.1792663e+02
   3.0702783e+02   3.8350360e+02
   3.0755594e+02   3.2814126e+02
   3.0993181e+02   3.3079687e+02
   3.1192732e+02   3.1038972e+02
   3.1192732e+02   3.5571201e+02
   3.1192732e+02   3.3657555e+02
   3.0809643e+02   3.0702293e+02
   3.0507572e+02   2.7837614e+02
   3.0507572e+02   2.7144835e+02
   3.0478565e+02   3.4783007e+02
   3.0478565e+02   1.7681671e+02
   3.0469448e+02   3.1156763e+02
   3.0469448e+02   3.8627032e+02
   3.0401633e+02   3.1022835e+02
   3.0401633e+02   3.0758374e+02
   3.0401633e+02   2.9208978e+02
   3.0401633e+02   3.3586264e+02
   3.2060714e+02   3.0913385e+02
   3.2060714e+02   2.3292549e+02
   3.2060714e+02   3.7455243e+02
   3.1633160e+02   3.6563649e+02
   3.1047516e+02   3.3127140e+02
   3.1047516e+02   2.6226398e+02
   3.1047516e+02   4.0889904e+02
   3.1047516e+02   3.9941224e+02
   3.1224720e+02   3.1171111e+02
   3.1305930e+02   3.5334578e+02
   3.1305930e+02   3.1279124e+02
   3.1305930e+02   3.8191867e+02
   3.1305930e+02   2.9926217e+02
   3.1084861e+02   2.7004358e+02
   3.1081986e+02   2.6305216e+02
   3.1081986e+02   4.2981967e+02
   3.1081986e+02   3.5695760e+02
   3.1113117e+02   3.0218893e+02
   3.1156225e+02   3.4582063e+02
   3.1198207e+02   3.9363731e+02
   3.1450980e+02   3.4157329e+02
   3.1765615e+02   2.3556906e+02
   3.2080407e+02   2.7765748e+02
   3.2305874e+02   2.6095571e+02
   3.2603507e+02   3.5594068e+02
   3.2761263e+02   2.6884872e+02
   3.3345205e+02   3.1024923e+02
   3.4095043e+02   4.1988697e+02
   3.5295145e+02   5.1917958e+02
   3.6472619e+02   2.2970547e+02
   3.6478044e+02   2.7394706e+02
   3.7005041e+02   3.8689495e+02
   3.7262482e+02   3.5819461e+02
   3.7903034e+02   2.5876483e+02
   3.8085910e+02   2.8184907e+02
   3.8096371e+02   3.5484137e+02
   3.8355929e+02   4.4199440e+02
   3.8393811e+02   2.7429671e+02
   3.8393811e+02   3.4732752e+02
   3.8949297e+02   3.7319577e+02
   3.9182671e+02   4.5562107e+02
   3.9182671e+02   2.8822121e+02
   3.9182671e+02   3.6832312e+02
   3.8935805e+02   3.2379138e+02
   3.8720312e+02   4.0751897e+02
   3.8720312e+02   3.1244417e+02
   3.8671567e+02   3.8480826e+02
   3.8671567e+02   5.7953009e+02
   3.8671567e+02   3.3870521e+02
   3.8671567e+02   4.1952829e+02
   3.8332627e+02   3.7767913e+02
   3.8247101e+02   5.1623760e+02
   3.8096551e+02   3.4347680e+02
   3.8096551e+02   4.5089614e+02
   3.8096551e+02   3.0457483e+02
   3.8562202e+02   4.9148497e+02
   3.8610037e+02   4.2268079e+02
   3.9250181e+02   3.1830768e+02
   3.9563088e+02   4.2109709e+02
   4.0066305e+02   5.5525590e+02
   4.0700092e+02   4.0795336e+02
   4.0700092e+02   4.1452102e+02
   4.0725835e+02   4.4762420e+02
   4.0731498e+02   3.9394395e+02
   4.0731840e+02   3.5305112e+02
   4.0731840e+02   3.8312282e+02
   4.0803859e+02   3.4199938e+02
   4.0803859e+02   4.2894136e+02
   4.0803859e+02   4.0780746e+02
   4.0643743e+02   2.9905919e+02
   4.0302538e+02   4.5963704e+02
   4.0200025e+02   4.6516557e+02
   4.0200025e+02   3.7399398e+02
   4.0200025e+02   3.5419047e+02
   4.0407137e+02   3.7784798e+02
   4.0407137e+02   4.5824394e+02
   4.0407137e+02   4.9036663e+02
   4.0150054e+02   2.4311774e+02
   3.9668828e+02   3.0702675e+02
   3.9462362e+02   4.3618545e+02
   3.8957071e+02   4.2096627e+02
   3.8957071e+02   3.3249995e+02
   3.8957071e+02   4.1660839e+02
   3.8957071e+02   4.3064312e+02
   3.9031842e+02   3.3560808e+02
   3.9165239e+02   3.3276920e+02
   3.9250245e+02   4.3986268e+02
   4.0606326e+02   4.9350878e+02
   4.2357582e+02   4.3473213e+02
   4.2971063e+02   3.3778791e+02
   4.3198321e+02   4.4836332e+02
   4.3198321e+02   4.7273240e+02
   4.3198321e+02   3.9640820e+02
   4.1859822e+02   3.3783146e+02
   4.1514244e+02   5.2431165e+02
   4.1498689e+02   5.2973513e+02
   4.1395143e+02   4.4489365e+02
   4.1128622e+02   4.2611378e+02
   3.9630130e+02   4.0850255e+02
   3.8069594e+02   3.7040948e+02
   3.7095689e+02   3.2871123e+02
   3.6543385e+02   2.0696665e+02
   3.6409769e+02   3.4746399e+02
   3.6409769e+02   4.4887279e+02
   3.6409769e+02   3.3262139e+02
   3.6755002e+02   2.9125885e+02
   3.7168441e+02   3.8785147e+02
   3.7827214e+02   3.9973707e+02
   3.8426610e+02   3.1906456e+02
   3.9106973e+02   3.0518057e+02
   3.9735639e+02   4.2104464e+02
   4.0139149e+02   4.0012813e+02
   4.0404092e+02   4.2605272e+02
   4.0476532e+02   3.7037476e+02
   4.0504771e+02   4.5724173e+02
   4.0618318e+02   4.6087953e+02
   4.0618318e+02   4.5577951e+02
   4.0653315e+02   3.2960390e+02
   4.0653315e+02   4.5622591e+02
   4.0618318e+02   4.7546701e+02
   4.0654393e+02   3.2502985e+02
   4.0654393e+02   4.1226531e+02
   4.0654393e+02   3.9968500e+02
   4.0845850e+02   4.0637580e+02
   4.0845850e+02   4.3907571e+02
   4.0845850e+02   3.8141040e+02
   4.0623896e+02   4.2276578e+02
   4.0383559e+02   4.2959353e+02
   3.9940079e+02   4.3244175e+02
   3.9730664e+02   2.8042417e+02
   3.9566404e+02   3.6419674e+02
   3.9558267e+02   5.3351768e+02
   3.9255735e+02   3.7413811e+02
   3.9155949e+02   4.0482829e+02
   3.8793095e+02   4.0310060e+02
   3.8131299e+02   4.0371905e+02
   3.7887628e+02   3.6313142e+02
   3.7800766e+02   3.2666475e+02
   3.7800766e+02   3.5270806e+02
   3.7716027e+02   5.0094689e+02
   3.7714529e+02   3.3240759e+02
   3.7544684e+02   2.7182291e+02
   3.7280084e+02   3.9536582e+02
   3.7110439e+02   4.4272313e+02
   3.7029932e+02   4.3507867e+02
   3.6766140e+02   1.8625160e+02
   3.6708797e+02   3.5823619e+02
   3.6314988e+02   4.3121592e+02
   3.5701468e+02   3.1072194e+02
   3.5503928e+02   2.7627502e+02
   3.5433594e+02   3.8960240e+02
   3.5351392e+02   4.3484617e+02
   3.5078572e+02   3.6494889e+02
   3.4959816e+02   2.2547967e+02
   3.4791826e+02   3.7964594e+02
   3.4404088e+02   4.0597179e+02
   3.4208549e+02   4.2605356e+02
   3.3940286e+02   3.2443434e+02
   3.3652311e+02   2.7110357e+02
   3.3295191e+02   4.1480554e+02
   3.3293736e+02   3.2834787e+02
   3.3150366e+02   2.7868222e+02
   3.3083526e+02   3.3288919e+02
   3.2995330e+02   3.6715544e+02
   3.2948208e+02   3.0848550e+02
   3.2332867e+02   2.3335127e+02
   3.2282505e+02   2.3629174e+02
   3.1618243e+02   4.0310851e+02
   3.1495554e+02   2.1728938e+02
   3.1327113e+02   3.5093337e+02
   3.1327113e+02   2.8150525e+02
   3.1327113e+02   3.5229523e+02
   3.1624431e+02   2.9440597e+02
   3.1624431e+02   2.8409365e+02
   3.1624431e+02   3.1525381e+02
   3.0461123e+02   2.8463527e+02
   3.0461123e+02   1.8841288e+02
   3.0461123e+02   2.4264476e+02
   3.0593203e+02   2.9875883e+02
   3.1168602e+02   4.3509836e+02
   3.1168602e+02   2.9034446e+02
   3.1168602e+02   2.7536571e+02
   3.1168602e+02   3.4254300e+02
   3.1189818e+02   2.9094601e+02
   3.1168602e+02   3.4847839e+02
   3.1055732e+02   2.5361197e+02
   3.1018857e+02   2.4972030e+02
   3.1018857e+02   3.5401680e+02
   3.1018857e+02   2.8558175e+02
   3.1018857e+02   3.7211691e+02
   3.1018857e+02   2.9533059e+02
   3.1388778e+02   3.9776098e+02
   3.1414978e+02   3.7260914e+02
   3.1414978e+02   3.3352339e+02
   3.1414978e+02   2.3989241e+02
   3.1073792e+02   3.2729261e+02
   3.0781821e+02   2.2307639e+02
   2.9757510e+02   2.4375357e+02
   2.9720671e+02   3.4003156e+02
   2.9164626e+02   3.5656730e+02
   2.9137244e+02   2.3728482e+02
   2.8726630e+02   3.2864576e+02
   2.8726630e+02   2.5680197e+02
   2.8726630e+02   4.0873820e+02
   2.8754707e+02   2.8792794e+02
   2.8818953e+02   2.8773659e+02
   2.9195963e+02   3.3140445e+02
   2.9633373e+02   5.1154299e+02
   2.9720998e+02   3.0407385e+02
   2.9730943e+02   2.1384548e+02
   2.9741855e+02   3.6111195e+02
   2.9885928e+02   3.3295830e+02
   2.9915500e+02   2.7893525e+02
   3.0405583e+02   2.4105577e+02
   3.0893716e+02   2.9814646e+02
   3.0981190e+02   3.7860531e+02
   3.0981190e+02   3.5305258e+02
   3.0981190e+02   2.0436983e+02
   3.0660463e+02   3.4484476e+02
   3.0656206e+02   3.1071646e+02
   3.0639408e+02   2.6235728e+02
   3.0579651e+02   9.7000107e+01
   3.0406125e+02   3.1393310e+02
   3.0362052e+02   3.9866913e+02
   3.0168847e+02   3.0540763e+02
   2.9793962e+02   2.5240333e+02
   2.9572974e+02   2.9519025e+02
   2.8794503e+02   3.7339583e+02
   2.8674581e+02   3.2573144e+02
   2.8651522e+02   2.5276970e+02
   2.8496272e+02   2.8527740e+02
   2.8230665e+02   2.5909832e+02
   2.8211236e+02   3.1520690e+02
   2.7282315e+02   1.5490818e+02
   2.7166266e+02   2.4370900e+02
   2.7166266e+02   2.6934710e+02
   2.7166266e+02   2.9842031e+02
   2.7166266e+02   1.5698081e+02
   2.7166266e+02   2.6088871e+02
   2.7353448e+02   3.4652746e+02
   2.7353448e+02   3.2435112e+02
   2.7353448e+02   1.8995271e+02
   2.7353448e+02   2.8032386e+02
   2.8016964e+02   2.9644914e+02
   2.8183409e+02   2.1959937e+02
   2.8183409e+02   2.7175948e+02
   2.8183409e+02   3.0226898e+02
   2.7838350e+02   3.7316204e+02
   2.7371872e+02   2.4115489e+02
   2.7121024e+02   2.7401585e+02
   2.6652564e+02   2.0788133e+02
   2.6245496e+02   3.2899153e+02
   2.5872774e+02   2.7802002e+02
   2.5241958e+02   1.1655127e+02
   2.4939180e+02   2.8841998e+02
   2.4696212e+02   3.7774118e+02
   2.4318202e+02   3.0516004e+02
   2.4136107e+02   1.8926336e+02
   2.4136107e+02   2.5531821e+02
   2.4136107e+02   2.7447632e+02
   2.4569236e+02   2.0040468e+02
   2.4673343e+02   1.6449029e+02
   2.4673343e+02   2.6500125e+02
   2.4673343e+02   2.8585698e+02
   2.4435467e+02   3.5200988e+02
   2.3758985e+02   2.0924630e+02
   2.3536515e+02   2.5564112e+02
   2.3536515e+02   2.7370185e+02
   2.3536515e+02   2.3163215e+02
   2.3715867e+02   1.4072006e+02
   2.3715867e+02   3.0078792e+02
   2.3715867e+02   2.3556150e+02
   2.3463940e+02   2.1534045e+02
   2.3354167e+02   1.5079390e+02
   2.2699657e+02   3.0671987e+02
   2.2223665e+02   3.1656128e+02
   2.2223665e+02   2.0954481e+02
   2.2223665e+02   1.7060543e+02
   2.3020902e+02   2.5037344e+02
   2.3027609e+02   2.5513146e+02
   2.3027609e+02   1.9161847e+02
   2.3027609e+02   2.2284472e+02
   2.2880650e+02   2.5277073e+02
   2.2767778e+02   3.0034954e+02
   2.2591513e+02   2.8871795e+02
   2.2583456e+02   1.2126377e+02
   2.2570019e+02   2.5520765e+02
   2.2365289e+02   3.3163490e+02
   2.2154900e+02   2.9465981e+02
   2.0992408e+02   1.6801330e+02
   2.0956437e+02   2.0490254e+02
   2.0956437e+02   2.9663038e+02
   2.0956437e+02   1.7126506e+02
   2.0922469e+02   4.4307766e+01
   2.0922469e+02   2.3041619e+02
   2.0901771e+02   2.3851683e+02
   2.0861032e+02   1.9446842e+02
   2.0590904e+02   1.4704472e+02
   2.0417097e+02   2.1282179e+02
   1.9865026e+02   2.7295707e+02
   1.9819571e+02   1.4677372e+02
   1.9556233e+02   1.2927627e+02
   1.9511721e+02   1.5022624e+02
   1.9433823e+02   2.4855778e+02
   1.9231815e+02   1.3882698e+02
   1.8955373e+02   8.3650500e+01
   1.8816827e+02   1.6542987e+02
   1.8695011e+02   2.3753605e+02
   1.8485562e+02   1.3727577e+02
   1.8432431e+02   1.2579562e+02
   1.8421550e+02   1.6040467e+02
   1.8421550e+02   2.7127175e+02
   1.8421550e+02   2.1730696e+02
   1.8421550e+02   1.9641021e+02
   1.8421550e+02   1.0373963e+02
   1.8421550e+02   1.6298468e+02
   1.8334552e+02   2.8152054e+02
   1.8226253e+02   1.0064195e+02
   1.8197811e+02   1.8649258e+02
   1.8096862e+02   2.6234643e+02
   1.7725204e+02   1.7310031e+02
   1.7605833e+02   5.1598527e+01
   1.7600869e+02   1.7245601e+02
   1.7480931e+02   2.0021812e+02
   1.7474968e+02   2.7231471e+02
   1.7373472e+02   2.0568520e+02
   1.7373472e+02   1.9072511e+02
   1.7318715e+02   1.9289891e+02
   1.7318120e+02   1.7832766e+02
   1.7064103e+02   1.3263809e+02
   1.6726076e+02   1.1321055e+02
   1.6548432e+02   2.6206193e+02
   1.6195766e+02   1.5340345e+02
   1.6131576e+02   4.0341563e+01
   1.6131576e+02   1.1139943e+02
   1.6131576e+02   2.6719789e+02
   1.6227274e+02   1.5821551e+02
   1.6227274e+02   1.8465215e+02
   1.6227274e+02   1.3929295e+02
   1.6154695e+02   2.1577880e+02
   1.6049896e+02   5.5864701e+01
   1.6043256e+02   1.2393923e+02
   1.5981198e+02   7.3916863e+01
   1.5953578e+02   1.5680713e+02
   1.5953578e+02   1.7750713e+02
   1.5953578e+02   1.9200108e+02
   1.5953578e+02   1.5163449e+02
   1.5953578e+02   2.0943979e+02
   1.6003460e+02   2.1999658e+02
   1.6053696e+02   1.1869062e+02
   1.6053696e+02   1.5552438e+02
   1.6396881e+02   2.0645677e+02
   1.6396881e+02   1.2845883e+02
   1.6396881e+02   1.3677096e+02
   1.6103152e+02   1.4845371e+02
   1.5422213e+02   2.1010359e+02
   1.5422213e+02   2.3203044e+02
   1.5422213e+02   6.0615815e+01
   1.5422213e+02   1.2646907e+02
   1.5337058e+02   2.2525476e+02
   1.5272616e+02   1.7363238e+02
   1.5187937e+02   1.1442605e+02
   1.4979953e+02   2.3891238e+02
   1.4934843e+02   1.5228802e+02
   1.4934843e+02   1.3753492e+02
   1.4934843e+02   6.9553337e+01
   1.5106499e+02   1.1009174e+02
   1.5274069e+02   1.8358791e+02
   1.5319810e+02   2.4776493e+02
   1.5319810e+02   6.5192262e+01
   1.5319810e+02   1.7462356e+02
   1.5319810e+02   1.3970164e+02
   1.5305833e+02   1.0965778e+02
   1.5249976e+02   1.4728381e+02
   1.5184984e+02   1.2408438e+02
   1.5184984e+02   1.8582749e+02
   1.5184984e+02   1.2257018e+02
   1.5184984e+02   1.5795435e+02
   1.5202259e+02   6.3359894e+01
   1.5226669e+02   2.1338695e+02
   1.5226669e+02   1.1873777e+02
   1.5226669e+02   1.2670206e+02
   1.5145631e+02   7.0045654e+01
   1.5145631e+02   2.9134380e+02
   1.4980579e+02   1.2933984e+02
   1.4980579e+02   2.0177361e+02
   1.4980579e+02   1.1619647e+02
   1.4980579e+02   1.5233613e+02
   1.4974475e+02   1.6480562e+02
   1.4885424e+02   4.8730130e+01
   1.4386212e+02   1.5898913e+02
   1.4174387e+02   2.1384786e+02
   1.4140357e+02   1.6258217e+02
   1.4140357e+02   9.6372063e+01
   1.4140357e+02   1.3920886e+02
   1.4172251e+02   1.5390593e+02
   1.4185093e+02   1.0873910e+02
   1.4185093e+02   1.7281339e+02
   1.4185093e+02   3.6367697e+01
   1.4185093e+02   1.4269145e+02
   1.4059554e+02   1.5603525e+02
   1.3873536e+02   1.1111587e+02
   1.3572678e+02   1.1058574e+02
   1.3572678e+02   1.9994281e+02
   1.3572678e+02   1.2172430e+02
   1.4061916e+02   1.3695599e+02
   1.4061916e+02   1.6077624e+02
   1.4061916e+02   1.6513514e+02
   1.3892365e+02   2.5711780e+01
   1.3400939e+02   1.0468714e+02
   1.3400939e+02   2.3686719e+02
   1.3400939e+02   2.0888372e+02
   1.3507363e+02   1.2011037e+02
   1.3519215e+02   1.6722145e+02
   1.3519215e+02   1.4192748e+02
   1.3519215e+02   2.7141375e+02
   1.3636496e+02   1.5033040e+02
   1.3636496e+02   1.2028223e+02
   1.3636496e+02   2.1903476e+02
   1.3879430e+02   2.2758606e+02
   1.4135253e+02   2.6459645e+02
   1.4349300e+02   3.2205152e+01
   1.4349300e+02   8.0489423e+01
   1.4349300e+02   2.5408181e+02
   1.4277773e+02   1.1836031e+02
   1.3974654e+02   9.2421342e+01
   1.3888752e+02   1.8765606e+02
   1.3888752e+02   2.0338992e+02
   1.3888752e+02   1.3518289e+02
   1.4254102e+02   1.1434880e+02
   1.4339293e+02   9.3159577e+01
   1.4339293e+02   1.9100029e+02
   1.4339293e+02   2.0598617e+02
   1.4339293e+02   1.1049955e+02
   1.4339293e+02   2.7777174e+02
   1.4324076e+02   2.5379962e+02
   1.4324076e+02   2.3061971e+02
   1.4265324e+02   1.0377638e+02
   1.4255809e+02   8.1122330e+01
   1.4255809e+02   1.5903878e+02
   1.4255809e+02   2.1841965e+02
   1.4255809e+02   4.2578602e+01
   1.4231053e+02   1.8694903e+02
   1.4255809e+02   2.2328281e+02
   1.4231053e+02   9.2824574e+01
   1.4226451e+02   1.4093121e+02
   1.4088347e+02   8.0438980e+01
   1.4088347e+02   1.9992423e+02
   1.4088347e+02   9.6691502e+01
   1.4088347e+02   1.0469062e+02
   1.3874828e+02   1.3279185e+02
   1.3874828e+02   1.1490767e+02
   1.3775660e+02   1.9109230e+02
   1.3273259e+02   1.3738852e+02
   1.3273259e+02   1.5405155e+02
   1.3273259e+02   1.6632374e+02
   1.3343135e+02   3.8857586e+01
   1.3389703e+02   4.0429130e+01
   1.3649370e+02   1.5151057e+02
   1.3649370e+02   1.9291713e+02
   1.3649370e+02   1.3434260e+02
   1.3404258e+02   9.1464813e+01
   1.3368653e+02   1.9193645e+02
   1.3317039e+02   2.3117639e+02
   1.3189699e+02   5.0325298e+01
   1.3115904e+02   8.1314187e+01
   1.3115904e+02   2.9969419e+01
   1.3115904e+02   2.8142806e+02
   1.3115904e+02   2.1007398e+02
   1.3265433e+02   1.4566177e+02
   1.3265433e+02   1.4756966e+02
   1.3265433e+02   2.1909956e+02
   1.3265433e+02   1.1484197e+02
   1.3230135e+02   1.3268119e+02
   1.3230135e+02   1.1364152e+02
   1.3230135e+02   1.0379359e+02
   1.3333076e+02   1.7865902e+02
   1.3498458e+02   1.6589018e+02
   1.3498458e+02   1.6358582e+02
   1.3498458e+02   5.0962025e+01
   1.3372210e+02   1.8105068e+02
   1.3372210e+02   1.9840636e+02
   1.3372210e+02   3.0420214e+01
   1.3566615e+02   2.6401467e+02
   1.3566615e+02   1.9000893e+02
   1.3566615e+02   3.7124119e+01
   1.3296897e+02   1.0207778e+02
   1.3213237e+02   6.6007990e+01
   1.3213237e+02   2.5561116e+02
   1.3213237e+02   2.4375864e+01
   1.3357509e+02   1.3482360e+02
   1.3556463e+02   1.6698141e+02
   1.3681922e+02   1.5135134e+02
   1.3739497e+02   9.0955652e+01
   1.3842064e+02   6.8150289e+01
   1.3925291e+02   1.8886064e+02
   1.3933882e+02   1.3937391e+02
   1.3933882e+02   7.0415950e+01
   1.3939166e+02   1.5413528e+02
   1.3939166e+02   1.5223619e+02
   1.3939166e+02   7.9237875e+01
   1.4000999e+02   7.2956739e+01
   1.4004674e+02   1.0717936e+02
   1.4413254e+02   1.2912481e+02
   1.4561854e+02   1.8132341e+02
   1.4738590e+02   8.0961626e+01
   1.4765800e+02   1.7227310e+02
   1.4765800e+02   1.8017599e+02
   1.4883383e+02   1.6984706e+02
   1.4890673e+02   1.3033319e+02
   1.5187685e+02   1.5467139e+02
   1.5202917e+02   1.4062416e+02
   1.5202917e+02   1.3692465e+02
   1.5202917e+02   5.1053146e+01
   1.5202917e+02   1.7635189e+02
   1.5192519e+02   1.8119327e+02
   1.5192519e+02   1.1574045e+02
   1.5192519e+02   1.3129494e+02
   1.5424652e+02   2.0040030e+02
   1.5424652e+02   1.4599270e+02
   1.5424652e+02   1.5319323e+02
   1.5477086e+02   1.3128268e+02
   1.5477086e+02   1.5091024e+02
   1.5557803e+02   2.9835744e+02
   1.5776424e+02   1.4434680e+02
   1.6406574e+02   1.4416803e+02
   1.6412362e+02   1.0358472e+02
   1.6453114e+02   1.7964069e+02
   1.6453114e+02   1.8650162e+02
   1.6494193e+02   1.4774857e+02
   1.6535930e+02   1.8007554e+02
   1.6574020e+02   3.2432793e+02
   1.6584507e+02   1.4055639e+02
   1.6705192e+02   8.8780493e+01
   1.6705192e+02   2.1873390e+02
   1.6831500e+02   1.7726787e+02
   1.6874607e+02   2.7957243e+02
   1.6937329e+02   9.1459799e+01
   1.7183092e+02   1.5654558e+02
   1.7440837e+02   2.8084852e+02
   1.7440837e+02   1.3520689e+02
   1.7440837e+02   1.7126436e+02
   1.7428483e+02   2.1389053e+02
   1.7428483e+02   1.7055738e+02
   1.7428483e+02   2.1598532e+02
   1.7924968e+02   1.4633777e+02
   1.8409055e+02   1.5629722e+02
   1.8503847e+02   2.0350544e+02
   1.8548396e+02   1.8643560e+02
   1.8572099e+02   1.4788957e+02
   1.8572099e+02   1.4439475e+02
   1.8572099e+02   2.5151806e+02
   1.8572099e+02   1.7956254e+02
   1.8600782e+02   9.4035101e+01
   1.8993214e+02   1.3904586e+02
   1.9176768e+02   2.1359930e+02
   1.9235311e+02   1.5210605e+02
   1.9235311e+02   1.9597731e+02
   1.9278515e+02   1.3595334e+02
   1.9658424e+02   2.5324445e+02
   1.9703496e+02   2.2306251e+02
   2.0053611e+02   1.0209288e+02
   2.0138219e+02   2.1981762e+02
   2.0496526e+02   2.3081035e+02
   2.0496526e+02   1.6081589e+02
   2.0496526e+02   8.1931829e+01
   2.0496526e+02   1.5748475e+02
   1.9915482e+02   3.3493164e+02
   1.9253055e+02   1.1398057e+02
   1.9253055e+02   1.0987635e+02
   1.9253055e+02   1.3478765e+02
   1.9391361e+02   2.8198084e+02
   1.9569452e+02   1.4979125e+02
   2.0151837e+02   1.2933394e+02
   2.0194475e+02   2.3807903e+02
   2.0194475e+02   2.9850532e+02
   2.0206132e+02   1.4741966e+02
   2.0268924e+02   1.4310172e+02
   2.0268924e+02   2.2160327e+02
   2.0366622e+02   2.5312823e+02
   2.0735956e+02   3.0080034e+02
   2.0827258e+02   2.2302011e+02
   2.1057025e+02   2.7722635e+02
   2.1154927e+02   1.5884864e+02
   2.1186510e+02   1.9428218e+02
   2.1310478e+02   1.5112530e+02
   2.1434740e+02   1.6001247e+02
   2.1691491e+02   2.2739732e+02
   2.1910768e+02   2.5538365e+02
   2.2843773e+02   1.0858151e+02
   2.2981866e+02   2.8834046e+02
   2.2981866e+02   3.6298468e+02
   2.3023763e+02   2.3089774e+02
   2.3044596e+02   2.7034302e+02
   2.3089294e+02   3.1124186e+02
   2.3089294e+02   2.8483286e+02
   2.3089294e+02   2.1088653e+02
   2.2864026e+02   2.2124567e+02
   2.2864026e+02   1.9541866e+02
   2.2864026e+02   2.6982402e+02
   2.2922953e+02   2.8925958e+02
   2.3014757e+02   1.2961944e+02
   2.3014757e+02   1.9527564e+02
   2.3014757e+02   3.2403774e+02
   2.2995619e+02   1.3806009e+02
   2.2995619e+02   2.2649139e+02
   2.2995619e+02   2.2519209e+02
   2.3330631e+02   2.7591163e+02
   2.3659970e+02   2.2890578e+02
   2.3744864e+02   1.6806259e+02
   2.4055845e+02   2.3777412e+02
   2.4076391e+02   2.6763266e+02
   2.4126180e+02   2.0182421e+02
   2.4193277e+02   2.4241081e+02
   2.4318996e+02   2.4302266e+02
   2.4511243e+02   3.1796178e+02
   2.4511243e+02   2.7336392e+02
   2.4511243e+02   1.8646371e+02
   2.4511243e+02   2.2716805e+02
   2.4361988e+02   3.1516885e+02
   2.4361988e+02   2.2846022e+02
   2.4361988e+02   2.1955064e+02
   2.4873882e+02   1.9427662e+02
   2.5260916e+02   3.0406131e+02
   2.5260916e+02   2.5857491e+02
   2.5260916e+02   2.7158076e+02
   2.5260916e+02   3.4001371e+02
   2.5260916e+02   2.9128257e+02
   2.5317684e+02   2.1957851e+02
   2.5652443e+02   1.5425589e+02
   2.5963543e+02   2.3087637e+02
   2.5963543e+02   3.0976430e+02
   2.5966105e+02   1.9733895e+02
   2.6022958e+02   1.8637322e+02
   2.6022958e+02   2.8779121e+02
   2.6113935e+02   3.8238398e+02
   2.7154072e+02   3.2063722e+02
   2.7154072e+02   1.8979744e+02
   2.7154072e+02   1.7158565e+02
   2.6618395e+02   2.9626959e+02
   2.6618395e+02   2.8364835e+02
   2.6618395e+02   2.1868984e+02
   2.6852494e+02   2.3826718e+02
   2.7133786e+02   2.9318202e+02
   2.7133786e+02   2.9349140e+02
   2.7133786e+02   2.9058340e+02
   2.6913855e+02   3.0047552e+02
   2.6913855e+02   2.0961166e+02
   2.6913855e+02   2.2707888e+02
   2.6994230e+02   1.6604531e+02
   2.7126071e+02   2.2587432e+02
   2.7201859e+02   3.9130866e+02
   2.7275869e+02   2.9090608e+02
   2.7305237e+02   2.2424985e+02
   2.7305237e+02   2.6708366e+02
   2.7507003e+02   2.3007228e+02
   2.7507003e+02   2.6034156e+02
   2.7541272e+02   1.9491753e+02
   2.7541272e+02   2.6723753e+02
   2.8195026e+02   2.9214037e+02
   2.8440951e+02   3.1751013e+02
   2.8440951e+02   2.1807036e+02
   3.1129034e+02   3.2386538e+02
   3.1867822e+02   3.9759931e+02
   3.1946648e+02   3.2110368e+02
   3.2200454e+02   2.7352739e+02
   3.2248742e+02   3.6811123e+02
   3.2248742e+02   4.1895199e+02
   3.2248742e+02   2.5926869e+02
   3.2158402e+02   2.0799105e+02
   3.2038154e+02   3.8833726e+02
   3.1977416e+02   3.5590511e+02
   3.1977416e+02   3.2815846e+02
   3.1977416e+02   2.8127800e+02
   3.2056436e+02   3.0841757e+02
   3.2072558e+02   3.7728476e+02
   3.2072558e+02   3.0113090e+02
   3.2075917e+02   3.2466598e+02
   3.2093624e+02   3.4943634e+02
   3.2111502e+02   3.3320613e+02
   3.2111502e+02   3.5428960e+02
   3.2238900e+02   2.0680276e+02
   3.2297177e+02   2.6466980e+02
   3.2359775e+02   3.1350812e+02
   3.2494057e+02   3.1464029e+02
   3.2597039e+02   3.0093236e+02
   3.2610745e+02   3.7237460e+02
   3.2619336e+02   3.4748771e+02
   3.2619336e+02   2.8593174e+02
   3.2619336e+02   2.8491679e+02
   3.2606331e+02   3.5807115e+02
   3.2606331e+02   3.1914029e+02
   3.2606331e+02   3.0538569e+02
   3.2613843e+02   2.8020740e+02
   3.2694396e+02   3.0471434e+02
   3.2728721e+02   3.6546825e+02
   3.2828229e+02   3.0214984e+02
   3.2834757e+02   3.6018325e+02
   3.2842771e+02   2.3750120e+02
   3.2849046e+02   3.8361160e+02
   3.2904109e+02   4.1801624e+02
   3.2915612e+02   2.6165270e+02
   3.2968666e+02   3.3995489e+02
   3.3009160e+02   2.7903983e+02
   3.3052373e+02   2.4934439e+02
   3.3052373e+02   2.0682492e+02
   3.3052373e+02   4.0886727e+02
   3.2990126e+02   4.1853248e+02
   3.2958153e+02   3.0343552e+02
   3.2902298e+02   2.9204648e+02
   3.2864031e+02   4.2379249e+02
   3.2847496e+02   3.3520752e+02
   3.2834288e+02   3.5222643e+02
   3.2767286e+02   3.1834827e+02
   3.2680224e+02   2.6552035e+02
   3.2680224e+02   3.1552442e+02
   3.2680224e+02   3.4406227e+02
   3.2707431e+02   3.0744063e+02
   3.2707431e+02   2.5557960e+02
   3.2707431e+02   4.3078307e+02
   3.2707431e+02   3.0584580e+02
   3.2678423e+02   1.8488263e+02
   3.2617696e+02   3.3747339e+02
   3.2617696e+02   4.4085863e+02
   3.2617696e+02   3.1292965e+02
   3.2631548e+02   3.4659497e+02
   3.2679635e+02   3.6433219e+02
   3.2779043e+02   3.0993270e+02
   3.2881449e+02   2.8648775e+02
   3.3008895e+02   2.7781763e+02
   3.3061271e+02   3.9035816e+02
   3.3078893e+02   4.0630621e+02
   3.3078893e+02   2.6091119e+02
   3.3091919e+02   3.4990267e+02
   3.3098761e+02   3.4062283e+02
   3.3116152e+02   4.2449329e+02
   3.3116152e+02   3.0187646e+02
   3.3116152e+02   2.3053451e+02
   3.3116152e+02   2.8245265e+02
   3.3115476e+02   4.3550705e+02
   3.3074061e+02   2.2929009e+02
   3.3042766e+02   2.8160355e+02
   3.3042766e+02   3.0139422e+02
   3.3042766e+02   3.5796746e+02
   3.3091954e+02   3.0221857e+02
   3.3091954e+02   2.6699042e+02
   3.3091954e+02   3.4305569e+02
   3.3073933e+02   3.4488502e+02
   3.3046745e+02   2.8346451e+02
   3.2968554e+02   2.0523500e+02
   3.2958190e+02   2.7582991e+02
   3.2918661e+02   4.4627415e+02
   3.2810449e+02   3.0558663e+02
   3.2789551e+02   1.9858752e+02
   3.2789551e+02   2.8360235e+02
   3.2789551e+02   3.9318567e+02
   3.2822154e+02   3.2259266e+02
   3.2936398e+02   2.8271423e+02
   3.2936398e+02   3.1174093e+02
   3.2936398e+02   4.4586510e+02
   3.2928881e+02   2.9363413e+02
   3.2850181e+02   2.3850003e+02
   3.2848410e+02   2.3573025e+02
   3.2846157e+02   3.7069550e+02
   3.2846157e+02   3.1165808e+02
   3.2846157e+02   3.0548195e+02
   3.2848410e+02   3.0065824e+02
   3.2876366e+02   3.2063307e+02
   3.2878261e+02   2.3011666e+02
   3.2896655e+02   4.2155707e+02
   3.2934334e+02   3.4842895e+02
   3.3018189e+02   4.8258729e+02
   3.3036109e+02   3.5089740e+02
   3.3059501e+02   2.0736418e+02
   3.3086213e+02   3.8063476e+02
   3.3106713e+02   3.6003507e+02
   3.3111538e+02   3.9191059e+02
   3.3164562e+02   3.3313630e+02
   3.3190513e+02   3.6526900e+02
   3.3190513e+02   3.9951007e+02
   3.3190513e+02   3.2169938e+02
   3.3066636e+02   3.7246803e+02
   3.2887340e+02   3.2223458e+02
   3.2802686e+02   3.1691600e+02
   3.2688752e+02   2.6368924e+02
   3.2605542e+02   2.8329993e+02
   3.2542710e+02   2.8442441e+02
   3.2464301e+02   2.9407650e+02
   3.2446816e+02   3.0758530e+02
   3.2446816e+02   3.0649461e+02
   3.2446816e+02   3.7268142e+02
   3.2448079e+02   3.7050526e+02
   3.2538924e+02   2.8889257e+02
   3.2604434e+02   2.5119588e+02
   3.2643144e+02   2.5230004e+02
   3.2643144e+02   3.8742332e+02
   3.2643144e+02   2.8786371e+02
   3.2630212e+02   2.4444580e+02
   3.2516559e+02   3.0139470e+02
   3.2434215e+02   3.6065454e+02
   3.2434215e+02   3.4291409e+02
   3.2434215e+02   2.7173392e+02
   3.2529244e+02   3.8625295e+02
   3.2605689e+02   3.5659307e+02
   3.2657817e+02   3.5393935e+02
   3.2680855e+02   2.2055003e+02
   3.2680855e+02   2.6667313e+02
   3.2680855e+02   2.8115248e+02
   3.2651012e+02   2.9973782e+02
   3.2585986e+02   2.7301677e+02
   3.2508966e+02   3.1224258e+02
   3.2424768e+02   3.9190376e+02
   3.2317963e+02   3.3694841e+02
   3.2298059e+02   2.1956261e+02
   3.2298059e+02   4.0349897e+02
   3.2298059e+02   4.2667319e+02
   3.2369255e+02   3.5903696e+02
   3.2464204e+02   2.5576714e+02
   3.2531125e+02   3.9757506e+02
   3.2542650e+02   4.0932330e+02
   3.2542650e+02   3.8350164e+02
   3.2542650e+02   2.3800921e+02
   3.2542650e+02   3.8600115e+02
   3.2542650e+02   3.6576985e+02
   3.2546860e+02   2.8968466e+02
   3.2552415e+02   2.2500521e+02
   3.2614436e+02   2.9000630e+02
   3.2636735e+02   2.9595623e+02
   3.2658215e+02   2.9618752e+02
   3.2658215e+02   2.2859311e+02
   3.2665490e+02   3.7150984e+02
   3.2678524e+02   4.5297447e+02
   3.2678524e+02   3.0031826e+02
   3.2678524e+02   2.6989586e+02
   3.2667921e+02   2.8001125e+02
   3.2667921e+02   4.2854055e+02
   3.2603512e+02   2.5772693e+02
   3.2592215e+02   3.4454267e+02
   3.2533524e+02   3.5764809e+02
   3.2473953e+02   2.7930006e+02
   3.2473953e+02   2.9727261e+02
   3.2467249e+02   2.5428483e+02
   3.2467233e+02   3.5092737e+02
   3.2453504e+02   4.3649806e+02
   3.2414799e+02   3.2073179e+02
   3.2325966e+02   2.4461705e+02
   3.2227476e+02   1.9259117e+02
   3.2057996e+02   3.3997478e+02
   3.2056440e+02   3.7634782e+02
   3.2034886e+02   2.3344817e+02
   3.1990950e+02   3.4930306e+02
   3.1986527e+02   3.8885931e+02
   3.1883151e+02   2.4197254e+02
   3.1780809e+02   2.5584971e+02
   3.1641430e+02   3.5856045e+02
   3.1487167e+02   3.8896097e+02
   3.1423336e+02   3.4614840e+02
   3.1378033e+02   2.6630273e+02
   3.1285265e+02   2.6619769e+02
   3.1257015e+02   3.8619258e+02
   3.1257015e+02   3.2183116e+02
   3.1257015e+02   2.4844641e+02
   3.1351986e+02   2.3650929e+02
   3.1501384e+02   3.6620301e+02
   3.1677922e+02   2.7401734e+02
   3.1899245e+02   3.4992720e+02
   3.2134535e+02   3.4420706e+02
   3.2460417e+02   4.6500413e+02
   3.2815972e+02   3.3347468e+02
   3.3162478e+02   2.6738684e+02
   3.3494011e+02   3.0561129e+02
   3.3815057e+02   3.5935042e+02
   3.3994553e+02   3.2013565e+02
   3.4186207e+02   3.6178044e+02
   3.4277623e+02   2.8510034e+02
   3.4277623e+02   4.2881566e+02
   3.4277623e+02   3.3732058e+02
   3.4224975e+02   3.6688505e+02
   3.4090265e+02   2.7269321e+02
   3.3929539e+02   4.0479762e+02
   3.3757507e+02   2.8628655e+02
   3.3568806e+02   2.5916148e+02
   3.3498975e+02   3.3338096e+02
   3.3394679e+02   3.5912755e+02
   3.3302458e+02   3.5125897e+02
   3.3198000e+02   2.8277490e+02
   3.3091850e+02   3.4712451e+02
   3.2909364e+02   3.0635514e+02
   3.2670708e+02   3.0906172e+02
   3.2489299e+02   2.4873977e+02
   3.2368378e+02   3.2197632e+02
   3.2232526e+02   3.6904308e+02
   3.2081228e+02   3.6134142e+02
   3.2024243e+02   2.7628668e+02
   3.1965124e+02   3.8029890e+02
   3.1965124e+02   4.2748311e+02
   3.1965124e+02   2.4887619e+02
   3.1984080e+02   2.1176283e+02
   3.2107209e+02   2.8024542e+02
   3.2169716e+02   3.8043102e+02
   3.2189371e+02   2.6145678e+02
   3.2189371e+02   2.8363247e+02
   3.2189371e+02   3.4139237e+02
   3.2186974e+02   3.6448257e+02
   3.2155397e+02   3.0052075e+02
   3.2084925e+02   3.5345626e+02
   3.1956338e+02   3.0569009e+02
   3.1807724e+02   4.0340005e+02
   3.1668819e+02   2.8951840e+02
   3.1533166e+02   3.2574608e+02
   3.1452433e+02   2.1903606e+02
   3.1406630e+02   3.3852537e+02
   3.1333278e+02   3.1350686e+02
   3.1322742e+02   1.6359244e+02
   3.1297757e+02   4.6756557e+02
   3.1208416e+02   3.5107571e+02
   3.1062235e+02   4.2145522e+02
   3.1005988e+02   2.9269856e+02
   3.0787428e+02   3.0264711e+02
   3.0705017e+02   2.8305007e+02
   3.0687090e+02   2.8031846e+02
   3.0664256e+02   2.6863869e+02
   3.0628321e+02   2.0486715e+02
   3.0620756e+02   3.2775585e+02
   3.0546607e+02   3.3467244e+02
   3.0431709e+02   2.9353080e+02
   3.0336873e+02   2.9720739e+02
   3.0329557e+02   2.9247404e+02
   3.0322799e+02   2.3646325e+02
   3.0301801e+02   2.5554535e+02
   3.0243861e+02   3.1012650e+02
   3.0147921e+02   4.4082689e+02
   3.0093979e+02   3.2362077e+02
   2.9996799e+02   2.5185060e+02
   2.9876117e+02   3.0409145e+02
   2.9865953e+02   3.3600586e+02
   2.9853215e+02   2.6709832e+02
   2.9771632e+02   2.9471786e+02
   2.9612424e+02   2.8710573e+02
   2.9504220e+02   3.5784596e+02
   2.9365455e+02   3.1033168e+02
   2.9159673e+02   1.9775903e+02
   2.9048870e+02   2.3956528e+02
   2.8965389e+02   3.1232001e+02
   2.8959752e+02   1.8086701e+02
   2.8959752e+02   2.6917187e+02
   2.8959752e+02   3.2925911e+02
   2.8959752e+02   4.0628403e+02
   2.8959752e+02   2.0987151e+02
   2.8951855e+02   2.9794465e+02
   2.8806243e+02   2.1394787e+02
   2.8695160e+02   3.0447215e+02
   2.8568635e+02   2.7465499e+02
   2.8438815e+02   1.4941498e+02
   2.8387121e+02   3.1019859e+02
   2.8370748e+02   3.3388784e+02
   2.8351482e+02   2.7907302e+02
   2.8351482e+02   1.5894361e+02
   2.8351482e+02   3.0808103e+02
   2.8347756e+02   3.1256512e+02
   2.8347756e+02   3.5651411e+02
   2.8250357e+02   3.0179331e+02
   2.8139932e+02   2.7498454e+02
   2.8057432e+02   3.3987346e+02
   2.7994178e+02   3.3930638e+02
   2.7994178e+02   2.9614887e+02
   2.7993601e+02   2.8506693e+02
   2.7992919e+02   4.4653644e+02
   2.7970650e+02   3.2141705e+02
   2.7887883e+02   2.9402529e+02
   2.7791828e+02   2.5482913e+02
   2.7775406e+02   2.5611913e+02
   2.7682194e+02   3.3082795e+02
   2.7662128e+02   2.5725002e+02
   2.7662128e+02   3.1241112e+02
   2.7662128e+02   2.8550159e+02
   2.7662128e+02   2.4605673e+02
   2.7745339e+02   2.8254565e+02
   2.7745339e+02   2.5693309e+02
   2.7745339e+02   4.0468266e+02
   2.7726059e+02   2.3803933e+02
   2.7688388e+02   3.2423818e+02
   2.7631394e+02   1.8959146e+02
   2.7618112e+02   2.0429733e+02
   2.7536523e+02   2.8585209e+02
   2.7428565e+02   3.1545032e+02
   2.7293096e+02   3.2431273e+02
   2.7001902e+02   3.7580822e+02
   2.6755746e+02   2.5646379e+02
   2.6526413e+02   2.2501622e+02
   2.6369916e+02   2.7827061e+02
   2.6253186e+02   2.5077149e+02
   2.6231779e+02   3.4335837e+02
   2.6185076e+02   1.9286987e+02
   2.6061966e+02   2.8391902e+02
   2.5961426e+02   2.9221669e+02
   2.5843154e+02   3.5123674e+02
   2.5735005e+02   2.8380376e+02
   2.5654767e+02   2.9252377e+02
   2.5575385e+02   2.8608778e+02
   2.5505938e+02   1.9115652e+02
   2.5393178e+02   2.1899983e+02
   2.5330591e+02   3.0999360e+02
   2.5157182e+02   2.9481784e+02
   2.5124966e+02   1.7837503e+02
   2.5070992e+02   3.0170877e+02
   2.5070992e+02   1.8809033e+02
   2.5070992e+02   3.8039920e+02
   2.5156934e+02   2.8977905e+02
   2.5156934e+02   2.1446921e+02
   2.5156934e+02   2.5729956e+02
   2.5156934e+02   3.2195419e+02
   2.5136458e+02   2.3048928e+02
   2.4989671e+02   2.2620031e+02
   2.4859219e+02   2.7576139e+02
   2.4774328e+02   3.4353555e+02
   2.4582310e+02   1.9222609e+02
   2.4462674e+02   2.0651736e+02
   2.4361770e+02   2.3704066e+02
   2.4249573e+02   3.8855112e+02
   2.4100769e+02   1.5279567e+02
   2.3982078e+02   2.2265513e+02
   2.3897162e+02   2.1024854e+02
   2.3755337e+02   2.3490842e+02
   2.3673824e+02   3.0231434e+02
   2.3616500e+02   2.3365722e+02
   2.3560810e+02   2.7970004e+02
   2.3518683e+02   3.9533138e+02
   2.3493499e+02   2.6891560e+02
   2.3493455e+02   1.2458150e+02
   2.3455452e+02   2.3344335e+02
   2.3351113e+02   2.3234908e+02
   2.3273895e+02   2.4929850e+02
   2.3219660e+02   1.7763554e+02
   2.3109513e+02   2.5880621e+02
   2.3062628e+02   3.1995406e+02
   2.3050223e+02   3.1155547e+02
   2.2931529e+02   1.5177442e+02
   2.2869280e+02   2.6223796e+02
   2.2805867e+02   2.2202339e+02
   2.2751353e+02   2.8011994e+02
   2.2666407e+02   2.2520647e+02
   2.2610816e+02   1.8829495e+02
   2.2571627e+02   2.7585680e+02
   2.2548384e+02   3.2016886e+02
   2.2531617e+02   1.0331486e+02
   2.2517189e+02   2.4096925e+02
   2.2513003e+02   2.2543301e+02
   2.2446813e+02   1.8114197e+02
   2.2390385e+02   2.1689845e+02
   2.2292440e+02   2.4961587e+02
   2.2261040e+02   3.2437771e+02
   2.2260669e+02   2.9243584e+02
   2.2214406e+02   1.0800543e+02
   2.2186414e+02   1.8229392e+02
   2.2178953e+02   2.2353229e+02
   2.2175409e+02   2.2994890e+02
   2.2079395e+02   2.4587964e+02
   2.1940725e+02   2.2544957e+02
   2.1822997e+02   2.5034207e+02
   2.1765698e+02   2.2462367e+02
   2.1673561e+02   9.9238865e+01
   2.1661018e+02   1.7681211e+02
   2.1644612e+02   2.6955988e+02
   2.1621850e+02   1.6127901e+02
   2.1620325e+02   1.0451332e+02
   2.1620325e+02   3.2671744e+02
   2.1607589e+02   2.9799288e+02
   2.1562542e+02   1.6862150e+02
   2.1429371e+02   1.1766650e+02
   2.1331298e+02   1.9371652e+02
   2.1253676e+02   2.2031679e+02
   2.1156843e+02   1.5272989e+02
   2.1108761e+02   2.4367440e+02
   2.1089011e+02   2.4328215e+02
   2.1075563e+02   2.6815213e+02
   2.1013511e+02   2.2170325e+02
   2.0955880e+02   1.1072461e+02
   2.0886884e+02   1.7564504e+02
   2.0855079e+02   2.6616412e+02
   2.0769321e+02   1.6297636e+02
   2.0723572e+02   2.1051878e+02
   2.0723572e+02   1.3594547e+02
   2.0723572e+02   2.9040779e+02
   2.0723572e+02   1.7800276e+02
   2.0748354e+02   2.2055367e+02
   2.0778477e+02   2.3179666e+02
   2.0825522e+02   2.2008498e+02
   2.0827166e+02   2.0279484e+02
   2.0827166e+02   1.6376632e+02
   2.0844844e+02   2.4999774e+02
   2.0844844e+02   2.2309995e+02
   2.0844844e+02   2.3918048e+02
   2.0864920e+02   1.4138278e+02
   2.0864920e+02   2.4561678e+02
   2.0864920e+02   3.0649942e+02
   2.0768027e+02   3.0339348e+02
   2.0628526e+02   1.1220016e+02
   2.0505480e+02   1.7481541e+02
   2.0390631e+02   3.5195419e+02
   2.0323831e+02   1.6598904e+02
   2.0322756e+02   1.5322160e+02
   2.0192319e+02   1.9120231e+02
   2.0108752e+02   3.0632325e+02
   2.0081018e+02   2.2494630e+02
   2.0011144e+02   2.4947030e+01
   1.9957520e+02   2.6420197e+02
   1.9940112e+02   1.7738150e+02
   1.9933930e+02   2.0606974e+02
   1.9894223e+02   1.6560323e+02
   1.9884252e+02   2.2361366e+02
   1.9867035e+02   3.2147001e+02
   1.9795348e+02   1.1146230e+02
   1.9795348e+02   1.7793526e+02
   1.9789786e+02   2.3226187e+02
   1.9789786e+02   3.3416209e+02
   1.9757772e+02   1.7104777e+02
   1.9649442e+02   1.0347163e+02
   1.9647041e+02   1.6438158e+02
   1.9647041e+02   2.2923434e+02
   1.9647041e+02   2.5018204e+02
   1.9647041e+02   1.4087185e+02
   1.9779497e+02   1.7290214e+02
   1.9849440e+02   2.4607015e+02
   1.9849440e+02   1.6183372e+02
   1.9849440e+02   1.4507059e+02
   1.9848822e+02   2.4467870e+02
   1.9824076e+02   2.1144955e+02
   1.9795596e+02   1.4997007e+02
   1.9789924e+02   1.8248236e+02
   1.9789924e+02   1.8066397e+02
   1.9785955e+02   2.6415053e+02
   1.9782915e+02   2.7004941e+02
   1.9782915e+02   1.6200737e+02
   1.9782915e+02   1.2018273e+02
   1.9766349e+02   1.4803248e+02
   1.9745986e+02   1.4467123e+02
   1.9740797e+02   1.5850083e+02
   1.9716766e+02   1.5502937e+02
   1.9701738e+02   1.9646142e+02
   1.9676581e+02   1.9667070e+02
   1.9644865e+02   1.5395642e+02
   1.9583166e+02   2.8902310e+02
   1.9583166e+02   2.5361708e+02
   1.9583166e+02   1.8076077e+02
   1.9583166e+02   1.3975731e+02
   1.9583166e+02   8.0640116e+01
   1.9597914e+02   2.3422608e+02
   1.9612708e+02   1.5864667e+02
   1.9612708e+02   1.4243942e+02
   1.9655084e+02   2.3791348e+02
   1.9699196e+02   2.6125137e+02
   1.9903006e+02   9.9150767e+01
   2.0047702e+02   8.2576032e+01
   2.0075581e+02   5.6533815e+01
   2.0075581e+02   2.2393741e+02
   2.0075581e+02   1.2322421e+02
   2.0029488e+02   1.2136787e+02
   1.9942962e+02   1.5020458e+02
   1.9937290e+02   2.1181474e+02
   1.9899219e+02   2.4799530e+02
   1.9852365e+02   2.2625490e+02
   1.9796690e+02   2.8997848e+02
   1.9796690e+02   3.5436096e+02
   1.9796690e+02   1.4586456e+02
   1.9796690e+02   1.3205739e+02
   1.9803371e+02   3.1174580e+02
   1.9840938e+02   2.6719644e+02
   1.9842915e+02   9.8231399e+01
   1.9898412e+02   1.4792836e+02
   1.9914241e+02   1.5753341e+02
   1.9914241e+02   3.3494303e+02
   1.9914241e+02   2.7603519e+02
   1.9902928e+02   1.7348240e+02
   1.9902928e+02   1.3307382e+02
   1.9869482e+02   3.0091958e+02
   1.9858933e+02   2.3271385e+02
   1.9763658e+02   1.1554980e+02
   1.9704984e+02   1.6268786e+02
   1.9637027e+02   2.8918384e+02
   1.9581790e+02   1.3154124e+02
   1.9581790e+02   6.5272930e+01
   1.9568298e+02   1.3377541e+02
   1.9557571e+02   2.3092261e+02
   1.9546989e+02   2.2050017e+02
   1.9543159e+02   4.3866368e+01
   1.9537112e+02   1.9519179e+02
   1.9535930e+02   1.8243089e+02
   1.9535930e+02   2.2386680e+02
   1.9535930e+02   1.5586699e+02
   1.9546655e+02   2.0620971e+02
   1.9546655e+02   2.9222406e+02
   1.9546655e+02   1.9754413e+02
   1.9510498e+02   9.2687144e+01
   1.9510498e+02   2.2548130e+02
   1.9510498e+02   3.1871701e+02
   1.9549892e+02   1.6916475e+02
   1.9623560e+02   6.5364409e+01
   1.9682834e+02   1.7250965e+02
   1.9710273e+02   3.7360719e+02
   1.9710386e+02   1.8127128e+02
   1.9735920e+02   9.5971818e+01
   1.9735920e+02   1.6329505e+02
   1.9798336e+02   2.0890664e+02
   1.9821568e+02   1.4899716e+02
   1.9883864e+02   1.6671720e+02
   1.9919403e+02   2.3813788e+02
   1.9936801e+02   1.8641987e+02
   1.9954768e+02   1.4476228e+02
   1.9989883e+02   2.2207277e+02
   1.9989883e+02   2.4277721e+02
   1.9999766e+02   2.4063109e+02
   2.0066100e+02   1.5776969e+02
   2.0131049e+02   1.4279409e+02
   2.0249924e+02   2.1654588e+02
   2.0265617e+02   2.8325860e+02
   2.0290128e+02   1.3904857e+02
   2.0317573e+02   2.2738630e+02
   2.0342819e+02   1.7231623e+02
   2.0383970e+02   3.2975059e+02
   2.0432222e+02   2.3158388e+02
   2.0523518e+02   1.5551061e+02
   2.0605511e+02   1.8752874e+02
   2.0749980e+02   2.2734917e+02
   2.0839990e+02   1.1223612e+02
   2.0952776e+02   9.9519709e+01
   2.1051310e+02   2.5335548e+02
   2.1089181e+02   3.2130108e+02
   2.1108598e+02   2.0842404e+02
   2.1125228e+02   1.3275896e+02
   2.1134261e+02   2.3584585e+02
   2.1201531e+02   3.0737203e+02
   2.1231119e+02   1.4336101e+02
   2.1270980e+02   2.0541604e+02
   2.1282735e+02   2.1936398e+02
   2.1338028e+02   2.6512213e+02
   2.1371810e+02   2.1673677e+02
   2.1420181e+02   1.5003880e+02
   2.1499217e+02   2.0449801e+02
   2.1539499e+02   3.0693941e+02
   2.1543007e+02   2.3145796e+02
   2.1568057e+02   2.2629362e+02
   2.1579649e+02   2.2219100e+02
   2.1579649e+02   1.9605255e+02
   2.1580538e+02   2.4638741e+02
   2.1580538e+02   1.3877020e+02
   2.1580538e+02   1.5599650e+02
   2.1588047e+02   2.4731771e+02
   2.1743145e+02   2.7275282e+02
   2.1905473e+02   1.0238584e+02
   2.2017783e+02   2.5050514e+02
   2.2168001e+02   2.5126186e+02
   2.2223961e+02   2.0450775e+02
   2.2249422e+02   1.3260205e+02
   2.2249422e+02   2.0236479e+02
   2.2249422e+02   3.2652393e+02
   2.2206949e+02   2.0240832e+02
   2.2151184e+02   1.6543156e+02
   2.2116135e+02   1.5865966e+02
   2.2058999e+02   2.1897302e+02
   2.2058999e+02   2.0987832e+02
   2.2058999e+02   1.9568778e+02
   2.2058999e+02   2.2263257e+02
   2.2062378e+02   2.3612785e+02
   2.2102222e+02   2.1016564e+02
   2.2102222e+02   2.1411373e+02
   2.2102222e+02   2.1048870e+02
   2.2055985e+02   3.4513475e+02
   2.2024198e+02   1.7496397e+02
   2.2024198e+02   9.7888642e+01
   2.1997584e+02   2.3421395e+02
   2.1972044e+02   2.4960383e+02
   2.1964507e+02   2.1515791e+02
   2.1959138e+02   1.7452675e+02
   2.1953164e+02   2.9923895e+02
   2.1953164e+02   2.1646102e+02
   2.1953164e+02   2.3253246e+02
   2.1989958e+02   2.2148398e+02
   2.2025387e+02   1.8199343e+02
   2.2025387e+02   2.6824931e+02
   2.2025387e+02   2.8002870e+02
   2.1940458e+02   1.1990891e+02
   2.1816067e+02   2.3696286e+02
   2.1659251e+02   2.4401677e+02
   2.1636020e+02   2.3123904e+02
   2.1636020e+02   2.0235554e+02
   2.1636020e+02   3.1754001e+02
   2.1698327e+02   1.8942045e+02
   2.1780088e+02   2.2972191e+02
   2.1790624e+02   1.5640462e+02
   2.1790624e+02   2.0388570e+02
   2.1790624e+02   2.4849745e+02
   2.1778231e+02   1.5313669e+02
   2.1750491e+02   1.6808467e+02
   2.1688506e+02   2.4313773e+02
   2.1535968e+02   2.5690627e+02
   2.1418390e+02   3.4306889e+02
   2.1270183e+02   8.1274263e+01
   2.1183752e+02   2.1618981e+02
   2.1123740e+02   3.3393048e+02
   2.1116609e+02   1.4804393e+02
   2.1084407e+02   8.2539320e+01
   2.1084407e+02   2.1777483e+02
   2.1045201e+02   2.2868372e+02
   2.1022526e+02   1.7135931e+02
   2.1022526e+02   9.4705147e+01
   2.1010136e+02   2.3554398e+02
   2.1010136e+02   1.8850548e+02
   2.1010136e+02   2.0113350e+02
   2.1010136e+02   8.7677374e+01
   2.0987636e+02   2.0371417e+02
   2.0953205e+02   2.1274630e+02
   2.0917880e+02   2.7086813e+02
   2.0907642e+02   1.5253073e+02
   2.0804490e+02   2.5363800e+02
   2.0799061e+02   2.1490486e+02
   2.0799061e+02   2.4587890e+02
   2.0799061e+02   2.4526140e+02
   2.0817731e+02   1.0919953e+02
   2.0871539e+02   2.4196392e+02
   2.0910112e+02   2.1161275e+02
   2.0910112e+02   1.0510041e+02
   2.0910112e+02   3.1369936e+02
   2.0881527e+02   2.5090594e+02
   2.0826010e+02   3.0059653e+02
   2.0733662e+02   1.0764406e+02
   2.0726746e+02   1.9544078e+02
   2.0634842e+02   2.2965304e+02
   2.0554709e+02   8.5844589e+01
   2.0545555e+02   1.1559900e+02
   2.0545555e+02   1.8481659e+02
   2.0545555e+02   2.6000904e+02
   2.0553275e+02   1.2807996e+02
   2.0554709e+02   1.6053719e+02
   2.0554709e+02   2.3877684e+02
   2.0553275e+02   2.7219317e+02
   2.0553275e+02   2.0609090e+02
   2.0490982e+02   1.7456082e+02
   2.0309753e+02   2.3284477e+02
   2.0136064e+02   2.3004821e+02
   2.0047348e+02   2.1001395e+02
   2.0009745e+02   2.0858636e+02
   2.0009745e+02   1.3200461e+02
   2.0009745e+02   2.9837086e+02
   2.0009745e+02   2.1981823e+02
   2.0009745e+02   2.4678943e+02
   1.9974654e+02   2.2520283e+02
   1.9958591e+02   2.6878350e+02
   1.9930445e+02   1.6936946e+02
   1.9921920e+02   2.3990010e+02
   1.9918934e+02   1.6801040e+02
   1.9918934e+02   2.1867943e+02
   1.9846908e+02   1.8350416e+02
   1.9801628e+02   1.5017653e+02
   1.9723776e+02   1.4222616e+02
   1.9723776e+02   2.5449010e+02
   1.9723776e+02   1.7841014e+02
   1.9747250e+02   2.3595183e+02
   1.9755716e+02   1.7879908e+02
   1.9781221e+02   2.3093621e+02
   1.9788761e+02   2.5491477e+02
   1.9835878e+02   1.2969553e+02
   1.9861221e+02   2.3963926e+02
   1.9871399e+02   2.4983285e+02
   1.9871399e+02   1.3230569e+02
   1.9871399e+02   1.2398197e+02
   1.9729029e+02   1.9587898e+02
   1.9583200e+02   2.6761825e+02
   1.9526583e+02   2.8929512e+02
   1.9526583e+02   1.5938707e+02
   1.9526583e+02   2.4467204e+02
   1.9544519e+02   2.0380746e+02
   1.9544519e+02   1.4482521e+02
   1.9544519e+02   1.1798582e+02
   1.9543597e+02   2.0062974e+02
   1.9543597e+02   2.6103018e+02
   1.9543597e+02   1.3750329e+02
   1.9562327e+02   1.1945556e+02
   1.9562327e+02   3.0578646e+02
   1.9562327e+02   2.7259586e+02
   1.9515330e+02   2.4072228e+02
   1.9459969e+02   7.7528186e+01